A = [15148, 32428, 4264, 30378, 7279, 24755, 31845, 5186, 24187, 4685, 10132, 23805, 1717, 28323, 32460, 20710, 907, 7859, 27173, 20101, 13554, 20466, 14666, 7848, 22802, 
15926, 5583, 28003, 12607, 5332, 28613, 21589, 29484, 27397, 6284, 23085, 23131, 24463, 32745, 2925, 28120, 6049, 18264, 4206, 20007, 9470, 8100, 25764, 8059, 5981, 9396, 4900, 
25641, 15632, 11176, 7267, 23387, 22245, 14117, 26945, 14345, 17226, 1516, 28486, 17445, 25780, 28594, 27179, 17430, 18241, 1068, 20124, 11880, 18844, 8297, 23100, 3010, 19745, 
28260, 25834, 4888, 12609, 730, 22339, 22049, 7720, 3417, 27239, 4620, 25246, 20122, 5376, 30831, 26923, 18704, 18817, 1152, 2175, 24513, 27052];


B = [8, 21134, 28005, 29771, 4362, 16234, 7079, 12616, 4109, 30900, 17417, 21917, 31707, 5919, 32391, 13094, 20850, 3072, 32302, 23438, 7010, 14584, 23087, 5395, 9090, 10964, 
27954, 3209, 27872, 31665, 16108, 26786, 2558, 8292, 11252, 8812, 9019, 9497, 16338, 18203, 16783, 7481, 30041, 1801, 12667, 19090, 20792, 13819, 4672, 16306, 2763, 8358, 25936, 
403, 14135, 23410, 12802, 27774, 10933, 28285, 4489, 24617, 1070, 739, 14119, 30499, 5897, 30013, 18590, 19825, 10049, 29031, 6888, 6778, 11194, 31623, 10023, 8736, 2773, 2634, 
19423, 16688, 1346, 5745, 11875, 6396, 17173, 17293, 20621, 7750, 14108, 1542, 11954, 3936, 19568, 27234, 31189, 5522, 4683, 25028, 16923, 5564, 23065, 14259, 9599, 29756, 
31698, 5405, 22215, 20498, 13446, 13468, 4279, 31042, 21306, 11255, 18820, 9850, 10226, 28396, 14988, 11765, 26895, 28461, 4163, 17823, 731, 32168, 22129, 3706, 1379, 20747, 
29851, 28480, 9349, 21896, 20158, 586, 32329, 10710, 24132, 6832, 7029, 28024, 22320, 9394, 24155, 17473, 11676, 25943, 21494, 13080, 3941, 23891, 6965, 14841, 9765, 21294, 
22167, 20284, 13665, 18595, 23544, 8218, 26884, 24391, 5803, 14957, 26636, 28779, 20424, 951, 32644, 23618, 20679, 8550, 31154, 21575, 5198, 13910, 30097, 9433, 31048, 6552, 
21122, 16936, 11319, 27250, 1086, 7253, 15051, 9638, 25359, 32469, 1459, 8183, 19520, 32535, 1203, 2538, 9937, 15974, 4343, 24778, 8304, 784, 10663, 28910, 13989, 27848, 26299, 
19775, 24653, 18505, 3601, 24564, 27465, 17980, 32444, 30880, 25207, 6492, 26272, 31599, 4065, 16344, 30268, 5548, 28469, 31736, 1734, 7047, 9334, 16388, 26237, 29462, 19184, 
4450, 16187, 12441, 12401, 9982, 19273, 18434, 20662, 18159, 19576, 30645, 9508, 10071, 31085, 20620, 7353, 22154, 21821, 32542, 20545, 28275, 9530, 14913, 18125, 5940, 30988, 
31437, 24161, 7437, 30979, 24739, 11501, 7551, 28331, 26862, 28030, 4017, 15265, 22953, 19894, 11282, 12966, 1634, 12154, 30528, 1778, 21053, 13034, 29737, 17866, 4923, 7318, 
16752, 3669, 15036, 27630, 9746, 31660, 26435, 13819, 20809, 30000, 17274, 6221, 20912, 22816, 22134, 22581, 1960, 13675, 10555, 564, 5883, 706, 25987, 7602, 7104, 5618, 20923, 
18675, 9855, 15217, 20047, 20808, 17301, 12598, 14375, 7042, 4569, 29390, 21618, 28844, 11391, 2989, 10658, 762, 27709, 25538, 27063, 16124, 17325, 14926, 20929, 15639, 15091, 
17141, 8864, 26422, 20127, 6422, 5903, 9917, 13781, 32088, 31457, 11967, 21419, 4485, 18313, 13936, 22482, 1692, 27104, 14301, 21113, 28961, 5411, 1754, 16238, 14264, 18235, 
21564, 19590, 20466, 25154, 29001, 24384, 15719, 32578, 26477, 7589, 1797, 24128, 14383, 32370, 5799, 6009, 22882, 9337, 14057, 29163, 16800, 2373, 9019, 791, 6388, 15101, 
24117, 31750, 25047, 12682, 16939, 18314, 11870, 32508, 0, 24006, 13745, 24362, 63, 28912, 23999, 27289, 23143, 22358, 3376, 28832, 22151, 22175, 22939, 15561, 11531, 13396, 
26106, 19321, 30934, 12191, 1371, 12756, 3985, 18514, 30168, 15579, 13378, 30506, 18376, 3031, 22560, 15190, 17719, 10747, 23974, 8499, 28052, 27461, 4582, 9818, 22954, 4261, 
20512, 7900, 7122, 30561, 915, 32716, 28774, 22456, 31635, 13054, 21112, 22214, 17884, 22543, 18628, 28583, 806, 5797, 32484, 30687, 27129, 26104, 32451, 17145, 27587, 28050, 
7764, 10607, 12328, 25427, 30084, 30410, 23193, 2743, 28781, 778, 20008, 14684, 20940, 31560, 25498, 1214, 14773, 7578, 17854, 32069, 1157, 27703, 26622, 6787, 5657, 7132, 
19252, 15542, 25917, 16750, 1215, 26517, 23399, 736, 15317, 6729, 23718, 20311, 4378, 26809, 3029, 25228, 9330, 14858, 7956, 6002, 11540, 20582, 22649, 19994, 22497, 32253, 
30466, 26835, 24563, 11082, 13262, 9365, 5496, 4760, 8077, 20640, 18113, 21700, 29750, 10592, 16278, 19268, 12024, 23188, 21197, 15208, 1650, 27823, 8731, 20192, 4390, 8574, 
6185, 30079, 12331, 1036, 18666, 5183, 4643, 12227, 11309, 9604, 25197, 4819, 26222, 11941, 30876, 12248, 5106, 11944, 7207, 8887, 18963, 27213, 12385, 27848, 17112, 14671, 
23724, 19515, 26312, 14566, 1258, 8884, 10496, 1936, 9781, 12089, 27012, 28177, 27600, 8014, 20947, 6584, 4189, 15198, 24510, 19429, 24400, 12893, 4729, 8904, 27299, 18604, 
28147, 24427, 18636, 28221, 18531, 19699, 28396, 32759, 5667, 11555, 31561, 14428, 10178, 20001, 1022, 4969, 3669, 11645, 15857, 10685, 6669, 19567, 4102, 18174, 9999, 6496, 
26258, 16249, 11391, 4780, 23315, 18696, 16862, 1703, 1054, 23353, 3735, 5342, 408, 23212, 22484, 21663, 6441, 5053, 8342, 17595, 30446, 18531, 4101, 26762, 26222, 21848, 4613, 
13872, 6096, 12923, 26121, 14879, 17739, 21106, 4140, 5085, 19677, 9619, 24702, 12296, 4672, 17413, 1179, 25495, 15642, 802, 22403, 19554, 10100, 31264, 25509, 6885, 4205, 
14833, 19261, 10560, 26415, 15463, 2784, 899, 16931, 20124, 19029, 17705, 22113, 31377, 12199, 28642, 875, 13333, 26744, 8086, 18202, 19689, 23960, 16294, 11736, 29729, 17623, 
9589, 4880, 17613, 1303, 13351, 17891, 10201, 8357, 28072, 26141, 3378, 6601, 5360, 3431, 16426, 1435, 17798, 6334, 23326, 16665, 9283, 9763, 7766, 31863, 3417, 6804, 11820, 
4278, 25492, 17468, 31857, 21368, 25823, 27879, 24844, 23827, 10249, 28856, 9700, 29924, 10185, 11550, 2561, 6118, 32512, 23556, 32750, 19842, 14911, 12104, 11105, 16041, 
25225, 16495, 25117, 17185, 9562, 10391, 13336, 22812, 15847, 21676, 16089, 15119, 936, 27103, 20517, 1985, 16916, 20052, 7130, 12451, 15788, 10779, 2331, 8799, 2618, 29794, 
23213, 23475, 5723, 24809, 13985, 26240, 4155, 16822, 20788, 26398, 1952, 12553, 16115, 13811, 28970, 6034, 12835, 14148, 28377, 25314, 10079, 25930, 463, 32, 17795, 16521, 
2391];


C = [15592, 19651, 8960, 26189, 1037, 1734, 29154, 293, 8772, 20516, 22785, 29796, 30716, 17631, 3170, 19394, 10906, 23321, 14006, 8192, 25966, 28722, 25066, 11561, 9958, 
12593, 19962, 7704, 28162, 25189, 10758, 12602, 23560, 19020, 25511, 6805, 7801, 17331, 131, 18185, 13635, 15135, 13855, 25814, 26936, 7020, 13301, 21855, 1727, 28084, 21447, 
27694, 12490, 12402, 9266, 7991, 24584, 10727, 390, 3169, 25179, 14781, 12501, 30786, 28300, 28139, 12618, 10794, 8254, 24280, 14268, 18788, 28704, 5827, 2179, 8120, 31847, 
2146, 9099, 25908, 13692, 22729, 30375, 31021, 17137, 142, 2599, 11392, 13498, 2091, 23468, 285, 21658, 25507, 23355, 711, 11227, 12649, 16017, 7445, 4418, 24701, 7862, 4797, 
21314, 472, 5077, 31249, 21104, 18698, 17227, 25290, 8247, 34, 5118, 2309, 30157, 29390, 31984, 14731, 5989, 5315, 8724, 19285, 30631, 26463, 13152, 21072, 12125, 25229, 16931, 
28509, 7535, 25834, 153, 24988, 17169, 28454, 8124, 15594, 12347, 11948, 16222, 27048, 5209, 7045, 9333, 20927, 18245, 11641, 10678, 24288, 24178, 27768, 7781, 11793, 8810, 
24633, 1899, 7269, 30842, 8993, 30377, 4362, 5291, 7270, 27788, 10377, 2037, 9588, 30689, 9546, 32432, 7824, 2027, 18775, 17227, 14011, 9395, 32097, 22848, 27353, 416, 26888, 
17479, 18, 7751, 24663, 20427, 32121, 27012, 19086, 27290, 26859, 6858, 26149, 27360, 19258, 13751, 3597, 20054, 16267, 27628, 25657, 19127, 4605, 20763, 1373, 17012, 12684, 
5473, 10742, 29096, 31028, 14807, 22666, 26446, 5209, 29540, 3377, 7858, 614, 12245, 31316, 19749, 32181, 28975, 18101, 14325, 18863, 29507, 27823, 9884, 11316, 20356, 7872, 
17720, 5693, 4886, 21828, 2875, 16319, 31527, 27011, 31332, 15059, 19330, 25070, 18926, 16917, 29537, 21414, 20999, 17993, 29827, 32062, 19331, 32581, 16511, 32450, 14290, 
1035, 88, 21240, 1327, 11829, 31313, 28133, 17179, 19606, 2563, 9363, 31498, 26910, 24236, 16914, 348, 9726, 29642, 28093, 21134, 30221, 30697, 18110, 20658, 13418, 5561, 
22741, 29980, 24419, 21347, 20053, 19039, 31382, 31773, 879, 17016, 23638, 18429, 24242, 15688, 27217, 13834, 4819, 21320, 2415, 19609, 11690, 14456, 17661, 13271, 6270, 19352, 
28938, 24226, 28034, 9627, 19473, 13725, 18079, 15705, 25561, 30851, 26996, 29572, 16794, 18875, 29852, 6877, 8545, 6189, 29231, 20647, 14517, 23381, 29579, 14684, 20603, 
21909, 6740, 30112, 13847, 20688, 12985, 25459, 18388, 2356, 17145, 32682, 8326, 14935, 13350, 31648, 9838, 646, 30762, 23337, 349, 4186, 20743, 11975, 15388, 20107, 7523, 
15905, 5388, 521, 20035, 14000, 16906, 3657, 27159, 12988, 11157, 21469, 16631, 11399, 25395, 23880, 13868, 12744, 22800, 19984, 17138, 27482, 5353, 18453, 5756, 19766, 30248, 
15136, 30521, 671, 16209, 21183, 18774, 27292, 28828, 30289, 24196, 14507, 13796, 3933, 29435, 3508, 27583, 2600, 31678, 7484, 32751, 17542, 10785, 13019, 12537, 24304, 18569, 
11248, 28947, 9175, 21620, 14739, 28739, 31032, 31161, 32459, 4550, 4209, 21264, 24321, 20655, 18515, 5076, 4277, 22480, 30072, 32520, 18544, 20701, 1238, 20377, 4090, 11983, 
11413, 30178, 7628, 30599, 7966, 20085, 16584, 20660, 29813, 13849, 13352, 21494, 15816, 7951, 28597, 28228, 30536, 2970, 18489, 20107, 19511, 4542, 29750, 10135, 24898, 19527, 
18648, 18743, 6418, 23821, 17193, 21660, 1822, 25719, 12676, 4099, 1219, 4670, 4428, 7572, 7318, 13171, 29917, 6537, 16377, 25028, 1475, 25490, 31468, 14331, 30507, 6008, 6694, 
12231, 31894, 30977, 30565, 3263, 6357, 22293, 24578, 30884, 22833, 10782, 18888, 13542, 20714, 29109, 18950, 1386, 26851, 5498, 739, 14475, 22427, 19779, 31474, 28767, 21855, 
21626, 4870, 4411, 24766, 27840, 3656, 31097, 10046, 29654, 24710, 26232, 26189, 4286, 14030, 10981, 22650, 15389, 28220, 6713, 741, 10212, 27920, 19843, 30452, 18991, 4611, 
9576, 23624, 3950, 11740, 11624, 22256, 30658, 15166, 17507, 7644, 9130, 18628, 11867, 21908, 5086, 18768, 29563, 810, 8315, 16031, 12376, 11116, 27489, 29217, 15224, 29279, 
20953, 12296, 17425, 20201, 8572, 14495, 19986, 9934, 5200, 23518, 12135, 26334, 22579, 29499, 29305, 27500, 9597, 11714, 16885, 19713, 10465, 25192, 16847, 25938, 17556, 
23709, 31110, 8304, 27825, 22304, 13225, 28223, 8925, 6423, 30362, 26665, 21799, 26975, 31378, 32531, 9265, 19489, 16613, 17808, 21653, 16038, 12424, 10837, 28546, 25964, 
23504, 14062, 22182, 24697, 21372, 9903, 20305, 14831, 10998, 27116, 18647, 8929, 4566, 26989, 25142, 29285, 9896, 7708, 29432, 6890, 26351, 20737, 7003, 2508, 24682, 6000, 
8112, 9510, 1941, 24449, 4865, 23528, 22387, 8385, 5366, 31785, 7819, 1319, 9977, 17342, 7472, 7754, 23705, 24331, 22790, 31440, 27436, 18969, 18882, 12330, 23737, 18409, 
17201, 11391, 27157, 25608, 16508, 25829, 16459, 12900, 29866, 13271, 13633, 16734, 17510, 31716, 12185, 29216, 3331, 25252, 17878, 11057, 23741, 14320, 22720, 6470, 66, 23890, 
11529, 29276, 2417, 16827, 18480, 28419, 13153, 17780, 5286, 28157, 18341, 6743, 4400, 30215, 26830, 29759, 3980, 2551, 26162, 7613, 18007, 775, 31980, 17677, 14894, 25969, 
10788, 5448, 16916, 25404, 29329, 28634, 11027, 341, 17211, 23095, 16166, 4833, 20358, 29642, 13143, 32466, 4204, 2094, 16677, 952, 18698, 4513, 28456, 28122, 13406, 16310, 
19704, 29574, 16463, 22090, 9802, 11173, 31213, 30904, 29020, 21138, 3835, 13649, 31892, 20781, 2219, 25862, 8036, 14891, 9128, 13160, 29296, 12720, 26969, 25299, 21235, 29471, 
28261, 8421, 13662, 26929, 23154, 32565, 2883, 3140, 7475, 25666, 16498, 31478, 29857, 2218, 4962, 243, 10376, 21661, 19666, 11, 8006, 12688, 6831, 28552, 12239, 9270, 4665, 
26046, 21749, 17068, 7522, 24547, 9703, 23284, 22390, 15393, 14327, 23972, 7425, 6634, 19872, 24799, 21230, 5260, 30407, 20357, 10476, 3077, 1601, 6311, 23318, 28696, 150, 
29502, 14034, 16800, 26628, 2588, 26361, 15909, 2503, 9250, 19257, 27053, 12440, 7348, 24248, 27348, 24692, 16490, 29178, 27935, 32670, 25096, 15365, 32142, 4327, 15281, 1731, 
5488, 25389, 28759, 31399, 18299, 23074, 16758, 19859, 17180, 13390, 19714, 22778, 8716, 29272, 26526, 23362, 13348, 17281, 26382, 26732, 15730, 7025, 28911, 19958, 23180, 
21814, 8613, 28160, 32548, 1930, 8086, 21935, 17117, 28244, 28310, 4815, 28765, 3442, 6049, 3260, 2724, 28854, 30928, 25730, 15516, 11566, 20870, 8259, 26353, 1961, 24298, 
9689, 16418, 25718, 7323, 18621, 15065, 25711, 32159, 28455, 9848, 21303, 12700, 4727, 15860, 19135, 19018, 7892, 6374, 12303, 21800, 30227, 13023, 27971, 15726, 6618, 31996, 
3283, 2627, 16645, 11707, 6680, 19761, 23624, 17165, 27404, 21718, 19990, 27309, 14162, 30684, 22978, 17583, 8310, 3115, 3557, 13404, 3957, 24156, 11775, 13117, 2944, 15729, 
24417, 23158, 28157, 28356, 7498, 5718, 6095, 7742, 14416, 14379, 3031, 7881, 25857, 23131, 4794, 3848, 7627, 19120, 19429, 13893, 23577, 28404, 20431, 11691, 27839, 22462, 
18302, 10677, 25496, 30091, 7501, 30694, 29293, 9232, 10988, 1211, 10009, 32719, 2216, 32222, 21739, 14825, 25069, 25756, 11596, 24115, 29449, 9369, 19362, 16267, 5170, 706, 
14452, 32365, 30155, 30852, 10190, 24001, 29155, 20283, 30439, 23031, 5887, 4078, 11521, 13910, 20505, 6969, 913, 29841, 19944, 32138, 14752, 27292, 5474, 21393, 13937, 27325, 
22400, 21233, 16228, 12774, 30273, 19260, 17690, 4162, 23281, 13086, 3034, 14, 427, 5592, 13107, 7850, 24093, 29936, 24803, 15344, 32139, 29223, 4856, 29636, 2582, 21932, 
23861, 1516, 4927, 17551, 5559, 24611, 16295, 15224, 13529, 3688, 19480, 8601, 27732, 1436, 31689, 2017, 14763, 31820, 24030, 26739, 30662, 17868, 3119, 31318, 13276, 25477, 
18250, 28014, 18839, 16527, 5051, 8875, 2675, 19331, 15499, 13440, 29800, 25226, 24326, 25495, 15304, 17850, 25537, 15299, 11370, 931, 2268, 1334, 9736, 5156, 24965, 22004, 
14310, 5508, 28349, 22407, 8116, 24509, 13663, 5364, 12214, 25115, 30046, 25839, 24610, 32518, 26190, 17483, 4042, 23068, 7462, 13492, 14330, 19588, 32580, 29600, 6052, 29566, 
26289, 7555, 6586, 3390, 23463, 4418, 31452, 6138, 1872, 10219, 29235, 26434, 17361, 5283, 24989, 9104, 28039, 224, 20746, 26656, 22928, 14552, 14630, 29441, 5518, 31801, 
24888, 7021, 21671, 18202, 21577, 598, 11729, 10033, 12682, 12609, 3916, 28999, 23536, 6999, 2927, 27370, 19745, 13497, 25256, 15458, 3987, 5141, 28351, 16102, 9202, 21111, 
21338, 31503, 21955, 7521, 6086, 27532, 17224, 12061, 3572, 22552, 7331, 8530, 10946, 23721, 24125, 19926, 13180, 28906, 2665, 12739, 25763, 1004, 9797, 1741, 30189, 24, 32225, 
1746, 8076, 19305, 29604, 3507, 1203, 6104, 24299, 3427, 10071, 6167, 15858, 2109, 18739, 27777, 16120, 1435, 24078, 23634, 25758, 13476, 29504, 12051, 18833, 12645, 12403, 
14937, 18280, 8228, 21927, 30639, 1232, 4848, 23161, 14033, 12006, 28029, 4772, 16411, 25060, 15151, 31688, 31552, 1280, 11125, 6250, 28223, 7569, 10328, 31804, 10387, 23924, 
15188, 28063, 28330, 28846, 13414, 16487, 14745, 20050, 18278, 19934, 24334, 4262, 5015, 11787, 30086, 6273, 18813, 5684, 18624, 32759, 25326, 161, 29297, 8248, 8556, 419, 
27449, 11958, 18098, 28117, 10198, 13702, 15245, 13730, 5784, 27401, 6381, 6663, 4372, 11467, 18236, 7834, 5661, 8619, 10222, 23756, 24560, 18237, 32090, 7275, 10927, 28268, 
1224, 21867, 16145, 27492, 30411, 32485, 5463, 31919, 25041, 20320, 9346, 11677, 4856, 21072, 12739, 14314, 291, 30428, 13363, 10395, 28238, 31716, 8388, 19497, 13086, 23875, 
12919, 9697, 26812, 9809, 720, 30347, 25828, 19884, 1672, 5706, 15417, 32313, 17025, 9667, 16092, 29029, 19711, 23169, 9020, 16049, 28436, 27288, 21296, 17517, 31324, 23433, 
3907, 3523, 9963, 14438, 23630, 23032, 3460, 29495, 28493, 10479, 4619, 30107, 2923, 28911, 21053, 9395, 1631, 24997, 27807, 23611, 26363, 22637, 13236, 9466, 20994, 27085, 
8563, 10845, 14651, 9282, 7928, 13151, 195, 28736, 29818, 8875, 3751, 12660, 30077, 16901, 30898, 3404, 15689, 23782, 17540, 31417, 3994, 28262, 28132, 32564, 12697, 26207, 
10072, 15615, 20235, 18896, 2290, 13997, 16329, 12927, 8556, 27620, 16752, 29155, 7544, 13154, 31065, 23360, 31057, 30270, 21196, 30996, 28822, 12400, 3440, 12722, 8280, 23188, 
4102, 7981, 3954, 8427, 21335, 7799, 4376, 2979, 31083, 22986, 13747, 31832, 25852, 21063, 15852, 9434, 25898, 11486, 17415, 23345, 18801, 18029, 3955, 28382, 29143, 21292, 
18079, 25444, 12138, 3400, 29455, 13319, 2281, 14030, 2990, 1236, 14274, 29387, 31078, 25825, 28988, 14770, 18926, 1494, 20470, 27901, 1251, 3244, 29072, 19991, 22299, 24501, 
7336, 23674, 2102, 5597, 776, 24340, 28277, 27439, 29725, 7408, 21712, 24219, 5036, 2322, 1858, 23798, 26816, 26019, 31080, 7490, 22759, 8782, 15178, 4656, 25501, 31209, 12409, 
5347, 12809, 4952, 15706, 11511, 20199, 10670, 24257, 6594, 6854, 32662, 24513, 217, 20595, 8690, 8643, 26070, 11701, 15809, 10966, 20313, 5178, 3398, 28230, 15693, 14034, 
8295, 880, 21613, 9947, 1107, 16084, 25350, 22012, 3687, 24940, 8958, 24599, 20051, 21053, 23829, 12664, 27512, 5675, 20843, 23891, 29077, 31249, 2371, 14445, 20643, 8977, 
30214, 3097, 5117, 31017, 395, 30054, 5316, 8199, 29589, 17559, 11138, 29215, 20637, 28883, 9485, 12794, 5586, 29726, 32431, 26065, 30303, 9096, 11651, 4442, 32236, 22436, 
29986, 16866, 15463, 31036, 4479, 8348, 24324, 17987, 14352, 32569, 23170, 25355, 13359, 4792, 2737, 3001, 8895, 20608, 27441, 31221, 4370, 8620, 19836, 21222, 778, 24742, 
12326, 12637, 9343, 21751, 7012, 8272, 10721, 8541, 9932, 6539, 9247, 22558, 3163, 23714, 19399, 10653, 27836, 12842, 1902, 24875, 10439, 28456, 12626, 9247, 29769, 19658, 
24638, 10025, 1539, 26709, 14254, 19939, 2293, 32607, 820, 26793, 13020, 15422, 8474, 1195, 9209, 9920, 73, 576, 29716, 3357, 13673, 25982, 4289, 31017, 27466, 5383, 20706, 
1486, 12931, 31525, 24941, 10426, 29785, 15642, 28527, 17493, 3298, 31921, 13137, 5622, 20586, 22553, 16730, 21590, 21, 7155, 17270, 4677, 29126, 23466, 54, 14747, 28480, 
25603, 21271, 12914, 4235, 15349, 31239, 2706, 5530, 10170, 23589, 12589, 810, 25126, 11721, 6861, 1773, 56, 5572, 24970, 26344, 13039, 14313, 13696, 25, 23390, 18636, 12672, 
6238, 9475, 3785, 26630, 1938, 6741, 29768, 15467, 31737, 26524, 3904, 23644, 24030, 16389, 16890, 28043, 5754, 6390, 22808, 17316, 15896, 12191, 19157, 12931, 30071, 3282, 
31630, 20644, 28272, 31508, 11138, 15835, 26584, 8948, 29142, 16965, 8360, 16795, 26844, 22910, 1627, 11685, 28564, 32276, 8856, 7727, 9331, 18748, 3089, 26673, 32100, 15044, 
24235, 9743, 8461, 15689, 32479, 32106, 25939, 15018, 11360, 30524, 5920, 21692, 10238, 7716, 28515, 5696, 28874, 22270, 22873, 12306, 23675, 10167, 28172, 5795, 3856, 24671, 
18713, 5032, 5559, 23168, 6837, 8212, 10478, 17071, 6898, 6724, 23016, 8288, 16959, 11386, 12082, 4095, 27438, 30605, 29846, 25404, 16763, 21983, 16960, 7078, 8777, 19086, 
32543, 29563, 20910, 28911, 25230, 26814, 10610, 56, 14644, 32395, 9492, 14204, 28968, 10408, 28430, 17885, 12633, 5468, 21338, 765, 46, 18820, 15157, 2997, 15721, 17123, 5667, 
5898, 29521, 5306, 21555, 5980, 17168, 12952, 21892, 31713, 28762, 23924, 29448, 9810, 20559, 26361, 1160, 26852, 8099, 16161, 2025, 8314, 1020, 5, 19885, 16153, 15515, 27636, 
20157, 23196, 17983, 4546, 3941, 5033, 30278, 2914, 13216, 26851, 20758, 2743, 10390, 19041, 8123, 10408, 1891, 352, 2257, 10867, 5402, 16436, 12453, 12611, 1033, 28293, 9367, 
2052, 23103, 1463, 5571, 886, 8524, 4522, 9952, 10368, 17224, 10660, 20839, 3272, 14615, 30091, 9720, 9600, 28138, 4952, 27643, 30851, 31753, 28872, 25731, 25504, 9937, 27988, 
13431, 28213, 13816, 22628, 14835, 22784, 5657, 8128, 20716, 24627, 25196, 16967, 19219, 25542, 15316, 23267, 7932, 27153, 4384, 22460, 4736, 12442, 15498, 12716, 25696, 16172, 
6788, 14324, 14634, 12585, 32181, 17453, 20321, 10528, 9278, 27265, 16088, 8866, 4673, 31258, 18271, 5714, 30116, 25051, 29345, 9276, 30482, 19790, 3405, 14440, 7235, 3550, 
15220, 23982, 8062, 9287, 11315, 13003, 24668, 32330, 12433, 13749, 20942, 15525, 14762, 22828, 2401, 5442, 526, 6290, 21441, 9647, 26212, 32252, 29308, 18894, 12627, 20105, 
26377, 19150, 24226, 20723, 28425, 31321, 6557, 25187, 5580, 3599, 31419, 19850, 32535, 20276, 18559, 6125, 20261, 29349, 16284, 14720, 21483, 11537, 9820, 29303, 21409, 22373, 
12098, 13145, 9341, 14216, 28399, 19286, 29122, 16713, 26946, 20698, 20985, 25494, 31171, 30818, 4734, 13806, 6978, 19855, 23615, 6680, 21179, 632, 5569, 9750, 16765, 18757, 
9828, 27221, 8843, 27642, 32487, 26662, 14147, 5776, 2862, 19570, 26429, 1866, 28995, 17064, 6006, 6470, 16796, 29691, 31918, 23891, 31900, 1739, 27918, 13570, 4443, 12896, 
29966, 9216, 14762, 15070, 13206, 19362, 22354, 26997, 16739, 17602, 13981, 21721, 10157, 19402, 23064, 3570, 10759, 29454, 13206, 1236, 26502, 20319, 28280, 14833, 5925, 
21212, 12076, 3981, 25448, 18956, 27636, 20339, 10560, 12074, 17129, 14567, 7727, 18368, 28991, 10971, 8620, 16504, 20426, 15974, 15817, 15150, 30913, 25969, 6931, 841, 31427, 
25012, 27578, 23628, 15639, 10209, 4594, 7848, 31032, 798, 1432, 5845, 28049, 3257, 15641, 23200, 11653, 19479, 7568, 2247, 12978, 4846, 13870, 9923, 4983, 27060, 19167, 4325, 
691, 8280, 29226, 12452, 31952, 22319, 19033, 27958, 17921, 5169, 2523, 2653, 7623, 14437, 28390, 27012, 19386, 27034, 21089, 24842, 27014, 17496, 25088, 7646, 3636, 27158, 
17841, 17228, 16043, 16301, 13367, 15638, 18294, 28685, 15124, 30663, 25543, 1839, 15789, 29508, 21948, 14667, 28585, 25508, 21474, 10826, 20122, 21569, 28664, 18814, 24287, 
271, 23285, 5521, 12233, 23085, 10828, 23739, 27388, 26042, 622, 19768, 29464, 29674, 19088, 27130, 21913, 22873, 19887, 14235, 5116, 9119, 27858, 13717, 2084, 31780, 18064, 
30645, 26619, 11574, 30673, 29645, 11356, 32088, 23001, 22442, 24369, 21725, 24962, 31557, 5336, 25014, 968, 17213, 5324, 11657, 17291, 1925, 30081, 23043, 19601, 21082, 12175, 
30574, 16331, 2937, 27667, 10630, 5337, 25486, 4690, 3720, 13519, 5103, 22688, 7309, 12858, 18058, 23681, 26902, 16990, 14877, 1549, 3816, 23490, 30373, 15001, 9754, 7663, 
9752, 8851, 620, 26228, 25942, 1710, 11226, 14125, 8541, 2111, 17777, 20933, 21693, 14567, 22114, 11386, 14669, 21875, 10581, 9248, 16923, 10240, 13823, 3945, 29097, 21859, 
18679, 5987, 24662, 6600, 24005, 31042, 1818, 14488, 24380, 5472, 8822, 9121, 16907, 28546, 16811, 7537, 11662, 1117, 22059, 23298, 9962, 6233, 22349, 26781, 29272, 25492, 
20036, 22008, 7873, 16170, 24146, 28066, 28556, 14260, 7481, 31648, 6324, 10510, 20467, 26457, 285, 18270, 24482, 9391, 32552, 14673, 6858, 16495, 17285, 10152, 5822, 3051, 
26184, 26100, 17752, 11237, 19007, 6301, 4845, 3759, 19075, 31785, 8320, 3473, 26190, 12731, 28214, 15723, 24332, 13530, 2570, 12955, 31925, 24180, 5826, 15393, 27737, 6435, 
16162, 23041, 27901, 10926, 26975, 29417, 16037, 14035, 16087, 3348, 1970, 24388, 23550, 3694, 9326, 9455, 15516, 18425, 5350, 28290, 14390, 20591, 31992, 22575, 8905, 29225, 
27308, 12461, 26047, 12351, 22216, 18303, 9499, 9969, 5022, 28792, 17655, 19270, 7721, 24703, 25392, 19954, 1368, 18320, 6496, 9597, 23466, 19459, 6924, 930, 26363, 19217, 
1055, 14838, 670, 660, 27543, 20938, 26539, 2062, 3711, 23377, 20378, 12525, 10013, 14342, 9489, 20493, 17516, 25672, 14075, 27775, 13773, 1095, 8666, 21897, 24313, 14372, 
25438, 14317, 2106, 31572, 19510, 6254, 32475, 4934, 17446, 22417, 6620, 20805, 5210, 8865, 30443, 11167, 11258, 30197, 912, 29191, 4862, 5238, 9896, 8504, 32580, 6235, 7700, 
6619, 16351, 311, 25778, 16043, 29363, 25398, 13452, 15831, 14399, 7075, 31056, 2471, 22969, 11950, 18177, 17507, 5472, 12909, 10475, 9073, 1294, 27424, 23772, 3517, 21260, 
31929, 20113, 31070, 12587, 21916, 26479, 19574, 17936, 13987, 1652, 17753, 1232, 31845, 13420, 11762, 8893, 3512, 26728, 24163, 8063, 4980, 28780, 21228, 4966, 23930, 21096, 
22798, 14334, 6389, 14697, 6128, 24292, 15328, 17169, 30721, 19161, 18889, 16709, 11743, 7957, 21972, 17445, 27768, 22749, 26114, 65, 623, 1880, 7091, 25865, 26305, 13727, 
17770, 30598, 30888, 15123, 15825, 17736, 30399, 26099, 15357, 928, 29031, 13358, 30962, 12047, 15466, 3701, 20074, 16125, 9183, 14741, 13010, 16814, 26702, 29188, 13974, 
29811, 17940, 26041, 26270, 11293, 3080, 65, 14361, 8631, 1374, 15632, 24953, 30581, 15052, 29717, 17598, 2535, 20204, 21649, 20216, 24946, 31202, 552, 28935, 22529, 26686, 
2105, 5542, 18168, 292, 5995, 14504, 20842, 22442, 16776, 896, 7819, 19329, 10127, 4871, 6248, 7384, 19972, 19066, 725, 30589, 2955, 22466, 32423, 14661, 17845, 19705, 19748, 
30639, 28698, 29481, 26552, 2244, 424, 14935, 16362, 4929, 21562, 27328, 15245, 27128, 8812, 31586, 16699, 13940, 6062, 12734, 26879, 14044, 9880, 28381, 9554, 4889, 6526, 
19857, 30793, 3387, 4419, 30205, 2316, 4377, 26226, 19031, 11658, 26424, 8330, 20717, 15467, 3823, 30618, 32614, 15174, 968, 5134, 19275, 15637, 29224, 201, 9158, 1254, 7987, 
884, 14505, 16595, 2026, 20245, 12977, 28979, 31638, 17635, 16653, 20498, 13674, 14169, 8218, 19679, 14692, 25481, 32113, 28773, 30836, 5299, 23843, 15613, 32736, 9750, 25667, 
24321, 14311, 22278, 11429, 16771, 30117, 9535, 1510, 23359, 25654, 8569, 18348, 18383, 2334, 29244, 6447, 286, 26600, 30966, 20985, 19743, 2318, 19787, 22506, 13247, 26649, 
684, 7806, 4376, 3337, 27691, 11091, 6119, 21751, 21133, 17381, 22592, 11769, 20641, 10396, 7808, 19014, 18897, 266, 16004, 3739, 12023, 23917, 7960, 16349, 1394, 29052, 6578, 
13311, 25720, 27744, 609, 2598, 23725, 4608, 27648, 11787, 32245, 31105, 31919, 10913, 28551, 5389, 26244, 4089, 20036, 26324, 22653, 28770, 17734, 1873, 31673, 14548, 5307, 
24783, 20712, 26767, 31476, 17451, 513, 27647, 13241, 15067, 31795, 7907, 480, 14895, 26141, 14766, 30494, 7127, 17985, 11821, 28188, 32678, 28086, 14187, 27341, 31382, 31518, 
8402, 21760, 14091, 2520, 2194, 16689, 27228, 24951, 8519, 15269, 17295, 14706, 14038, 18870, 14180, 25884, 31383, 5483, 19862, 31703, 23226, 30539, 21341, 20869, 26851, 21107, 
5943, 21312, 5144, 30439, 4584, 7243, 14813, 32294, 8383, 22344, 21149, 22017, 13596, 16299, 15692, 28076, 7471, 22382, 28235, 14614, 18946, 9479, 1420, 32374, 14010, 3479, 
4086, 8742, 21786, 8036, 30731, 25781, 9032, 24713, 27080, 18232, 20180, 30188, 11724, 2528, 2294, 13937, 16317, 30930, 28695, 32365, 9192, 31538, 12947, 22366, 16423, 6273, 
20158, 18393, 15368, 26666, 5157, 24515, 11307, 8023, 18966, 21700, 3308, 12553, 8034, 17145, 20546, 13416, 18273, 26089, 743, 1368, 26679, 23995, 19642, 21324, 15958, 21670, 
20577, 4703, 6468, 6312, 11826, 673, 5535, 32123, 11860, 16814, 14430, 6853, 22049, 6790, 20313, 14991, 27855, 1944, 15116, 3064, 13136, 6944, 1431, 28202, 21366, 16819, 27402, 
26510, 19035, 4888, 14048, 7484, 20992, 9562, 6857, 24246, 3636, 5659, 25261, 6613, 184, 15915, 10733, 19203, 2208, 17242, 30188, 15787, 28924, 31882, 22990, 12526, 21176, 
23560, 1919, 13464, 19905, 21532, 29175, 21074, 23913, 27102, 25789, 22297, 19469, 27212, 13482, 20718, 2549, 30106, 28144, 5327, 27515, 21705, 9051, 24807, 4720, 19835, 17110, 
28418, 1723, 26630, 4912, 2883, 16963, 23495, 16160, 793, 13328, 5561, 4487, 111, 32429, 3397, 18166, 9507, 30160, 23388, 6256, 31418, 7996, 18372, 25457, 2642, 15079, 16559, 
4910, 12503, 5720, 28818, 12063, 890, 12116, 26164, 12987, 22623, 27065, 774, 4739, 18326, 23722, 9138, 4673, 14413, 31468, 14070, 20626, 20036, 6800, 14003, 11170, 19329, 
8147, 14145, 25399, 14916, 20290, 262, 7153, 29501, 2850, 26695, 10192, 21501, 14, 22333, 14326, 14763, 1250, 15980, 23470, 5112, 12760, 24368, 28846, 9300, 29425, 9369, 26777, 
15715, 6551, 32376, 1992, 5802, 12672, 29370, 330, 2191, 7381, 22773, 5161, 17536, 15252, 29761, 3567, 23922, 8755, 24393, 22121, 13453, 9094, 32418, 26795, 7717, 12770, 27995, 
23892, 21229, 23427, 6101, 27156, 359, 26155, 30932, 31339, 5023, 19980, 11479, 17843, 32025, 11240, 20389, 1632, 9480, 18039, 22569, 13959, 16576, 21257, 26239, 30109, 12910, 
10604, 14415, 31618, 16391, 28432, 14170, 15549, 13950, 32105, 22098, 9226, 19770, 1941, 12271, 1298, 24007, 17215, 7231, 11385, 17356, 6339, 12350, 12573, 31037, 7826, 23462, 
27293, 17105, 25561, 6408, 12569, 183, 20061, 25628, 19001, 30597, 4009, 27222, 10097, 9585, 30060, 10681, 22915, 30659, 6429, 29168, 23877, 29834, 13024, 31643, 9636, 11406, 
5037, 2535, 1769, 2439, 2735, 19041, 26427, 19596, 14826, 26380, 22629, 20686, 7713, 32432, 32474, 26246, 19959, 30582, 27126, 23084, 13396, 24498, 16775, 31722, 18954, 20736, 
27788, 15184, 4793, 2450, 5437, 11081, 24816, 12232, 11851, 590, 9620, 29697, 23912, 27353, 20102, 1202, 28426, 14365, 30848, 2229, 14188, 21236, 30784, 5091, 1238, 29465, 
32489, 18916, 1823, 30871, 23974, 9030, 20592, 31105, 11408, 2253, 21322, 22500, 22738, 14602, 459, 29690, 24074, 11311, 29229, 20128, 12019, 27170, 11407, 12298, 4418, 1744, 
1528, 9910, 28877, 14532, 11417, 29342, 28146, 15864, 18770, 12466, 11063, 747, 23160, 23173, 7726, 16371, 11222, 28231, 26524, 213, 4081, 21235, 30425, 19091, 16017, 19657, 
31866, 21381, 31868, 5631, 28718, 427, 28805, 28596, 11750, 9026, 18885, 16165, 28217, 5525, 6953, 2851, 7686, 19990, 4141, 28101, 22875, 31149, 24294, 20058, 3477, 9808, 6982, 
30625, 1737, 10964, 20380, 24125, 27747, 16643, 32346, 11107, 28941, 1518, 28955, 24534, 14803, 21637, 30948, 8981, 16516, 11876, 938, 4818, 13659, 9968, 11029, 9895, 9182, 
1187, 8324, 31749, 24327, 3236, 6737, 7789, 30882, 11419, 9814, 8162, 18422, 30403, 1456, 5534, 17319, 9281, 30146, 19716, 13019, 4532, 2685, 19670, 31132, 27149, 32223, 30376, 
1150, 29601, 6330, 23700, 6017, 13180, 6327, 7984, 1080, 23288, 14234, 26557, 2859, 13199, 14280, 21153, 27771, 31982, 6662, 24088, 27588, 29002, 24707, 12582, 19271, 25591, 
793, 20176, 585, 11831, 30928, 2443, 12982, 24144, 31396, 19189, 8714, 23777, 25480, 963, 14705, 31861, 20906, 22522, 20781, 10073, 27897, 23395, 19257, 8107, 30437, 29240, 
16684, 1460, 1893, 10788, 18783, 6264, 6975, 8043, 5970, 25738, 22404, 16996, 31564, 21797, 9817, 4400, 1346, 23417, 4349, 6566, 20218, 8259, 31496, 22413, 12657, 29600, 8945, 
17166, 27001, 28451, 3027, 9064, 28582, 32293, 13425, 31206, 1899, 16476, 16247, 6415, 18817, 31408, 28931, 15388, 11656, 2633, 9571, 12975, 22257, 3565, 9505, 29889, 10523, 
14729, 31292, 13020, 26300, 2061, 10937, 13963, 24707, 16253, 31834, 10000, 30460, 31557, 9646, 1620, 29619, 12494, 4170, 31268, 32156, 25166, 4181, 13721, 11442, 29668, 13642, 
5848, 223, 22244, 6137, 19708, 16412, 32624, 18895, 6737, 32729, 22600, 18776, 1731, 23967, 10466, 8194, 5782, 10996, 8638, 3364, 22871, 4223, 756, 25150, 25874, 27756, 4367, 
29827, 4549, 28690, 19485, 18324, 2325, 16595, 7431, 21903, 32320, 8260, 27935, 6216, 8787, 24462, 23544, 14294, 10397, 8725, 1914, 594, 28515, 13143, 6709, 4315, 8405, 29718, 
5110, 15837, 24641, 8889, 152, 20627, 22407, 752, 4381, 459, 14541, 10391, 19198, 15850, 2163, 27101, 16830, 18479, 17225, 15525, 3781, 9020, 13568, 812, 31596, 25298, 4831, 
3052, 4437, 19164, 11959, 18625, 1277, 24495, 22041, 331, 11924, 19344, 12742, 1171, 1292, 15734, 14695, 7665, 20336, 9490, 3967, 20781, 119, 28685, 22941, 8676, 28761, 11409, 
26838, 27181, 26849, 13578, 18034, 1149, 14275, 18734, 30950, 19656, 15153, 14395, 5379, 15593, 7337, 127, 28524, 10308, 11793, 2078, 589, 23210, 7429, 21264, 23370, 7805, 
28784, 23145, 9654, 28180, 1113, 26845, 9478, 21600, 30720, 8323, 13189, 16592, 16938, 3545, 6473, 21107, 24505, 27657, 20325, 24157, 20607, 32362, 864, 13643, 22100, 9034, 
28390, 27786, 10854, 1003, 22462, 11796, 7377, 1483, 19452, 21501, 21104, 24872, 28280, 21261, 5362, 196, 26494, 14511, 26928, 3814, 19911, 16393, 24509, 21409, 7080, 17005, 
21439, 18520, 1162, 1776, 3070, 1154, 16026, 13656, 29243, 26539, 5314, 28732, 21699, 9403, 21719, 23142, 26180, 4731, 28180, 2940, 28638, 25941, 21447, 14304, 27005, 13916, 
30794, 4052, 27751, 31628, 29749, 6626, 13329, 21842, 11730, 3195, 8503, 21839, 5329, 27358, 29483, 8793, 17981, 26939, 11118, 7618, 11439, 23576, 20349, 28125, 28866, 14069, 
31981, 4543, 19910, 24107, 954, 25155, 7865, 20506, 31453, 9297, 14195, 27011, 796, 4191, 24096, 18739, 11302, 29495, 30963, 5858, 12255, 19451, 17433, 12634, 30713, 2919, 
9196, 2012, 8644, 22615, 26474, 8895, 29767, 32137, 3813, 8026, 31887, 25763, 27387, 8996, 17479, 17016, 10185, 2586, 22153, 22663, 6236, 21601, 1780, 28612, 22120, 5933, 
12031, 28828, 2621, 29921, 21900, 15411, 28406, 24696, 29889, 10992, 26356, 12323, 21011, 21563, 13451, 17203, 7331, 901, 11002, 16186, 17870, 32393, 27553, 10349, 18431, 210, 
878, 22861, 20424, 4222, 31897, 7559, 31538, 4161, 14481, 29720, 9041, 12973, 9782, 15540, 25627, 12976, 10312, 21609, 22138, 30046, 16415, 25984, 12447, 30960, 20637, 28324, 
16538, 13581, 3426, 17734, 29991, 20553, 27198, 5951, 26827, 20204, 7916, 12215, 8992, 7924, 4861, 838, 1133, 9565, 17938, 18266, 3962, 12447, 2126, 6361, 1443, 29817, 5899, 
30215, 2346, 29421, 29132, 4009, 14802, 30348, 31603, 13675, 32681, 499, 15285, 24959, 30757, 22678, 21706, 10119, 14706, 1212, 361, 2741, 24587, 32459, 12019, 32560, 6792, 
22982, 2031, 6842, 10166, 6420, 694, 14481, 31469, 4995, 18543, 5266, 31390, 1932, 2110, 8612, 3372, 17625, 2745, 8020, 26621, 3844, 6556, 12989, 21712, 7586, 4029, 1707, 
24913, 23936, 9538, 14080, 11498, 22316, 19473, 2902, 18653, 24247, 12424, 17637, 24208, 28858, 12911, 935, 4135, 24727, 27178, 1723, 18264, 15361, 3635, 19464, 26235, 1983, 
19656, 21282, 4065, 14764, 28129, 1905, 30567, 5123, 20837, 5520, 29259, 17881, 7581, 12275, 14654, 29931, 12777, 1741, 4282, 5274, 12722, 30512, 19349, 11828, 15263, 13686, 
23511, 32373, 8460, 30433, 26057, 3150, 12728, 24190, 2382, 7396, 28605, 12623, 21878, 10460, 16326, 5544, 6737, 14038, 27004, 25050, 3329, 16183, 31809, 15887, 29203, 32044, 
27681, 7541, 16912, 20716, 31493, 21151, 31822, 5949, 16938, 17192, 7180, 6713, 28626, 32409, 25534, 32594, 3386, 15500, 29350, 22164, 24779, 1554, 22692, 12074, 16532, 3667, 
7247, 21796, 26872, 32372, 26436, 7287, 11172, 14526, 19647, 23877, 2757, 22268, 24168, 1375, 5239, 26660, 879, 25353, 4736, 12602, 17882, 3325, 25150, 30066, 2590, 2994, 2270, 
2453, 25837, 10205, 22479, 13989, 848, 569, 13686, 12228, 22773, 22659, 24100, 8018, 2250, 7113, 12613, 3926, 15307, 15333, 24282, 12575, 23063, 19525, 2345, 18475, 23114, 
26093, 11954, 15431, 6919, 27326, 28774, 5880, 31444, 3576, 2068, 28698, 8747, 17918, 804, 3527, 13261, 2905, 5511, 15226, 22362, 2304, 6382, 7284, 21023, 8662, 3130, 32095, 
8751, 28533, 10036, 26930, 20405, 7722, 22143, 1364, 26760, 19008, 13259, 30980, 23040, 17026, 20042, 25592, 7433, 21499, 22376, 10308, 26741, 768, 1975, 2942, 23959, 21873, 
20520, 29472, 25357, 4667, 11137, 16429, 8669, 6689, 9227, 3608, 22724, 15805, 24971, 22753, 31178, 13505, 21364, 20097, 17946, 6787, 19291, 20360, 23569, 5049, 7083, 25349, 
27541, 384, 3738, 8614, 1192, 26020, 18780, 23584, 13372, 23579, 28566, 209, 25417, 19922, 6933, 1188, 11294, 16557, 31680, 21302, 6645, 26825, 13259, 2615, 1737, 24324, 17454, 
1042, 2924, 8383, 7510, 30160, 13780, 15586, 10266, 9273, 31157, 21025, 23280, 29757, 3926, 17022, 12129, 23187, 13469, 16399, 3002, 28320, 1131, 5890, 29957, 9370, 22576, 
22750, 7479, 29421, 26550, 19723, 8619, 26334, 6977, 19093, 3535, 27758, 17370, 24365, 30238, 19841, 11752, 26481, 16206, 11327, 16896, 31853, 26058, 31931, 10238, 23137, 
22882, 16850, 8277, 9412, 16705, 4439, 1955, 11146, 15392, 9069, 14473, 5539, 28858, 28979, 16313, 5316, 640, 9895, 5712, 1641, 16013, 27588, 22119, 9755, 5340, 18670, 7652, 
13550, 12729, 10896, 5014, 14927, 19317, 18436, 17026, 16892, 30814, 29107, 16247, 15188, 8430, 2685, 19689, 24017, 25155, 12379, 28924, 14035, 29903, 22594, 12766, 17567, 
27473, 24907, 27738, 17063, 24068, 25362, 30890, 2828, 22038, 15195, 4493, 12641, 3419, 7932, 12698, 15026, 22083, 12791, 23252, 5828, 16394, 27366, 31870, 16031, 19246, 17820, 
27441, 7242, 16934, 2313, 7979, 8150, 2641, 9310, 11498, 9629, 301, 26482, 11258, 4556, 14793, 6756, 11, 17695, 11901, 14467, 14406, 20204, 15064, 21098, 30945, 99, 29146, 
23407, 8945, 17684, 9315, 26175, 11904, 25778, 11244, 5314, 27360, 4630, 19829, 16197, 6462, 27526, 18622, 5847, 5498, 20536, 26554, 18163, 311, 12050, 8769, 23136, 9518, 
12980, 10757, 26454, 31943, 28344, 29383, 18146, 8170, 29240, 2763, 23435, 32530, 25489, 22409, 11062, 9636, 2407, 2725, 20551, 30336, 25834, 25377, 1545, 5845, 16727, 3794, 
21584, 31545, 23745, 16400, 7773, 19193, 3601, 19378, 6401, 3501, 3148, 25402, 27654, 22288, 15124, 16204, 714, 25871, 8306, 20069, 20525, 25632, 26578, 15305, 2477, 19925, 
5711, 25277, 7632, 5553, 21553, 503, 27075, 6202, 28596, 17235, 29248, 79, 32012, 27591, 9140, 5820, 14245, 18329, 23970, 12300, 2223, 9935, 19778, 11423, 22234, 32232, 23407, 
16124, 862, 32457, 12736, 27751, 14399, 15866, 6900, 31671, 27599, 14354, 17043, 18018, 15732, 19312, 6098, 8154, 4011, 31276, 22455, 18204, 845, 2125, 639, 5765, 14354, 19005, 
16445, 26088, 30291, 14202, 30915, 21215, 9748, 5517, 8901, 25438, 14145, 20288, 3644, 13966, 24376, 19468, 11785, 14296, 20360, 23505, 9435, 2111, 18936, 2762, 6482, 4596, 
13772, 29119, 5477, 31268, 6723, 22140, 29953, 25877, 8804, 12419, 10226, 16497, 3578, 26110, 19207, 2018, 13278, 21751, 23665, 14302, 31092, 31947, 3949, 25285, 25464, 23516, 
803, 7209, 9211, 21895, 24781, 11884, 18856, 13398, 9499, 20113, 29772, 7286, 6358, 16972, 12950, 619, 15557, 11355, 27931, 31234, 11469, 29465, 668, 29063, 15963, 30033, 
31116, 11577, 24071, 336, 27341, 5883, 28785, 16958, 2491, 13900, 14959, 6062, 28011, 25721, 5227, 2931, 32564, 4369, 27910, 22965, 12911, 10906, 24321, 16197, 27004, 32642, 
24158, 558, 11270, 11097, 16578, 26765, 4743, 25661, 9502, 4514, 2830, 15509, 32398, 25894, 23360, 11522, 18050, 3295, 924, 31378, 6683, 11379, 26628, 19767, 18136, 19322, 
24953, 2680, 2673, 9686, 7463, 18535, 2563, 22087, 27809, 27859, 17518, 3898, 27501, 19646, 1019, 21986, 7619, 24593, 4931, 29578, 27794, 23951, 14668, 4394, 8900, 21256, 
16628, 12600, 20419, 3535, 3987, 31680, 13116, 26478, 3804, 4279, 5667, 19095, 28164, 21645, 13559, 1118, 32295, 27393, 8007, 13734, 11751, 21561, 12405, 30937, 26710, 24594, 
1466, 4061, 23318, 27573, 5482, 11843, 26558, 7531, 19321, 13249, 17536, 4786, 20287, 27362, 4105, 13456, 22136, 8188, 23721, 9767, 10639, 9315, 30388, 394, 15644, 4572, 27176, 
22223, 1195, 25172, 2959, 8549, 25279, 12242, 2087, 10152, 23062, 12459, 16705, 30899, 25647, 17397, 30439, 31861, 4362, 8765, 1473, 18952, 21551, 1661, 15418, 14397, 8945, 
25416, 2782, 23676, 18420, 30792, 5126, 27595, 4077, 23530, 24248, 12844, 13225, 19800, 12489, 5164, 9041, 25256, 21572, 20153, 5868, 26450, 19472, 26932, 2085, 32488, 15308, 
3527, 31054, 24577, 1790, 15353, 11686, 15223, 27501, 2431, 14039, 9170, 6859, 25941, 31683, 2307, 6039, 4366, 7296, 7254, 22850, 17513, 22433, 12450, 31633, 12068, 21688, 
27330, 32066, 19733, 30745, 22089, 20978, 16502, 9184, 12914, 19262, 9857, 2613, 2902, 7465, 6717, 29902, 29538, 445, 22935, 9654, 28935, 16374, 16564, 13645, 29875, 6619, 
3974, 4497, 27393, 26094, 11677, 667, 16173, 22470, 24640, 22636, 25034, 15355, 9917, 9706, 10167, 11074, 12541, 11558, 5455, 30937, 9307, 24800, 27104, 24614, 8886, 8013, 
32606, 13723, 18373, 2584, 21081, 7900, 4267, 8102, 17965, 5668, 25036, 31134, 31097, 15589, 7902, 21673, 16082, 16814, 2371, 17782, 3512, 23890, 22678, 16130, 32712, 11079, 
16772, 19990, 11828, 24908, 24285, 11793, 881, 10830, 12522, 6887, 21807, 10381, 9986, 1130, 23182, 25339, 26456, 1736, 21135, 8676, 18711, 19541, 28360, 32468, 13489, 15499, 
22109, 11190, 24179, 7247, 21803, 13625, 3934, 886, 2886, 17528, 28722, 19336, 12454, 9177, 2763, 23492, 16669, 2869, 30128, 30308, 9356, 30522, 24042, 27426, 10071, 4110, 
25362, 21242, 22294, 25397, 31150, 14642, 6030, 29877, 18366, 21912, 991, 27512, 12177, 15371, 28670, 23793, 31965, 9532, 7782, 31747, 26639, 13494, 32267, 12062, 25568, 24604, 
1168, 20907, 26921, 23474, 30905, 9386, 13560, 12319, 16675, 12953, 11491, 23922, 2867, 10904, 23964, 12130, 24140, 30412, 18374, 9946, 28485, 4609, 28423, 7349, 18458, 24723, 
24415, 454, 6113, 4238, 7352, 24603, 16128, 17684, 12478, 386, 27550, 4351, 19184, 24397, 23127, 1224, 9975, 16211, 3892, 21416, 11575, 8759, 6874, 21500, 421, 26349, 16385, 
24302, 29912, 18297, 3368, 21330, 2914, 4858, 16007, 16334, 3936, 18664, 31814, 30782, 24656, 31130, 18668, 6742, 29987, 4107, 13338, 17801, 17555, 26845, 9593, 2602, 1975, 
23198, 21489, 21458, 2773, 4939, 15644, 21249, 119, 28434, 12538, 10760, 2753, 11356, 17894, 24870, 28417, 8459, 18632, 26097, 10120, 21760, 32141, 6647, 18361, 9697, 17364, 
13478, 26207, 22553, 29674, 31849, 580, 14624, 2041, 6932, 5375, 14076, 25980, 4482, 18445, 4360, 23286, 3708, 35, 1524, 9700, 11485, 12995, 8973, 5360, 23796, 14862, 6334, 
6759, 32042, 6873, 14423, 25325, 26085, 28930, 32526, 17520, 27820, 30212, 21060, 6490, 8843, 21962, 20745, 23563, 20921, 17857, 24289, 5766, 32376, 4657, 19400, 31338, 28477, 
5581, 15733, 13605, 17, 20361, 15836, 21604, 17719, 2731, 4854, 20173, 16655, 19749, 17348, 1265, 12602, 34, 28306, 20092, 14079, 1759, 21625, 26543, 24301, 14268, 15911, 
21265, 19394, 27539, 7651, 865, 2188, 5960, 4811, 25038, 17934, 9121, 12640, 1131, 1893, 30552, 13637, 10461, 492, 26479, 68, 18262, 13404, 452, 2706, 20936, 31032, 26085, 
10324, 29522, 6248, 8229, 18529, 25599, 7203, 15088, 4170, 9391, 27923, 31323, 31128, 14165, 31156, 30207, 21588, 10083, 27902, 1288, 21197, 30339, 14403, 12425, 661, 16776, 
29786, 8211, 22221, 12708, 24061, 13445, 10146, 3547, 29040, 17701, 19224, 183, 26979, 13040, 11015, 26174, 9498, 17967, 31842, 13857, 14795, 2635, 31679, 24118, 13128, 7138, 
21268, 8488, 18397, 7450, 3263, 19822, 892, 17462, 14282, 24697, 11799, 14439, 8556, 27186, 29006, 12516, 18387, 17571, 330, 2620, 27168, 29684, 19689, 17899, 22964, 17050, 
31003, 10284, 28842, 28107, 11148, 26639, 20900, 30261, 26755, 9675, 21707, 26863, 2058, 6997, 17937, 13488, 1615, 15154, 22714, 24383, 13130, 12681, 29722, 12074, 1440, 31612, 
15776, 7611, 5319, 2232, 1043, 9512, 32363, 6987, 28700, 16138, 15121, 22967, 7685, 10000, 9723, 18244, 1216, 13813, 15435, 5786, 20011, 26799, 22379, 2702, 1170, 26602, 26283, 
22845, 14709, 9140, 27692, 17751, 2444, 22394, 16638, 25022, 8713, 2611, 25733, 13136, 11037, 24283, 23329, 9472, 15293, 18723, 24589, 556, 15014, 31335, 28296, 27435, 20639, 
6880, 26163, 30757, 20478, 8987, 20155, 32295, 13677, 27049, 32439, 10870, 9710, 14617, 10708, 26660, 3613, 547, 6703, 17378, 18101, 32294, 6402, 16917, 25174, 21973, 19075, 
23340, 2182, 8236, 265, 4656, 501, 19882, 19313, 22940, 23045, 21434, 17088, 14960, 14729, 11378, 23305, 29057, 24269, 32383, 15250, 30483, 22232, 352, 25138, 9385, 23533, 
29139, 5629, 27932, 32088, 10893, 27940, 23275, 29799, 13614, 27158, 18642, 19126, 26484, 29675, 2206, 13743, 24751, 11779, 27711, 19282, 31605, 29418, 25887, 29746, 1942, 
30335, 11698, 16064, 24658, 21334, 12623, 30668, 13002, 1882, 9790, 11337, 2229, 9143, 3602, 30801, 27476, 13303, 4152, 18281, 12968, 8298, 25297, 27141, 21730, 4044, 13757, 
9295, 18971, 3106, 21496, 6692, 22597, 28389, 28458, 15455, 23394, 22626, 18809, 7003, 24052, 13921, 12706, 17075, 5556, 7685, 1352, 588, 6278, 31987, 11660, 18582, 23981, 
26038, 18909, 29198, 24379, 31587, 32017, 12808, 28620, 16504, 4277, 30891, 6260, 19722, 25250, 31293, 4854, 12320, 20689, 15265, 13367, 90, 6001, 18461, 23282, 24534, 21814, 
29793, 13996, 30547, 10739, 21189, 31467, 11415, 9067, 15571, 21155, 6159, 27749, 5637, 10225, 32182, 29182, 11215, 5131, 19767, 29507, 22240, 2936, 27990, 12031, 16806, 6780, 
22156, 9170, 30736, 17879, 16625, 5763, 9367, 25519, 26976, 21143, 7807, 202, 12757, 22819, 11610, 9728, 8473, 29150, 9679, 4592, 1442, 21114, 17305, 15091, 16308, 20533, 
25810, 11598, 30413, 20395, 2674, 6572, 15936, 26350, 16915, 10187, 27936, 26072, 23799, 24949, 11615, 14496, 6219, 18866, 1591, 22700, 6829, 29756, 26057, 16294, 27373, 12595, 
28165, 4306, 17424, 8466, 2249, 27807, 27291, 17634, 1869, 8828, 26382, 24237, 20670, 13548, 18862, 13878, 25641, 25565, 23431, 5607, 12699, 12598, 24754, 5131, 3719, 5039, 
20436, 31805, 18791, 19429, 8935, 27936, 8358, 4014, 9533, 32337, 8382, 32681, 25281, 666, 11678, 6938, 7297, 14953, 15182, 9717, 26217, 2688, 31189, 13625, 21073, 2797, 30811, 
21887, 19515, 573, 907, 32723, 3029, 8429, 17211, 20674, 16198, 4385, 23375, 13748, 21286, 11928, 5082, 1149, 31694, 31456, 19591, 12590, 25555, 8646, 16184, 5681, 9165, 8721, 
21996, 661, 26461, 28272, 6118, 678, 25454, 6832, 29196, 5825, 442, 26930, 24205, 19558, 26000, 19613, 12230, 28047, 11733, 12752, 615, 14912, 6218, 9755, 6865, 24672, 27148, 
11694, 12739, 9671, 16737, 24145, 29750, 30872, 13489, 4694, 14981, 22993, 25299, 18380, 15057, 22048, 22667, 32758, 15012, 249, 28496, 13052, 980, 9701, 2386, 11231, 8363, 
9245, 20155, 24754, 9028, 10327, 20533, 6920, 31800, 14560, 12973, 1193, 9339, 18411, 18519, 27785, 7808, 16425, 15091, 22522, 4772, 16281, 11086, 13344, 2761, 29858, 27147, 
15269, 4417, 20831, 11683, 25775, 14063, 2362, 27051, 27407, 17576, 3260, 11094, 19132, 7135, 30627, 7994, 15999, 2690, 9525, 9303, 5871, 5663, 24277, 4181, 32160, 587, 22740, 
2317, 30872, 5700, 29065, 5963, 16898, 26069, 26276, 22226, 18471, 8570, 29887, 26529, 27033, 12741, 5430, 1141, 16817, 8704, 20025, 25231, 6460, 7700, 18719, 16055, 20338, 
1962, 8957, 15233, 20264, 26255, 11128, 29903, 25670, 14429, 1495, 27799, 1402, 25432, 24669, 13543, 26158, 20630, 13781, 31526, 25784, 29027, 19822, 22684, 10449, 13283, 
27849, 3125, 1609, 11001, 28753, 385, 30713, 28008, 15819, 18688, 18168, 28728, 17709, 26013, 12818, 24668, 948, 4984, 10613, 16273, 15665, 27624, 29358, 18569, 24484, 2753, 
18644, 24137, 17675, 6354, 19715, 2768, 18300, 24498, 23308, 20729, 23410, 19133, 5739, 21922, 9317, 31065, 17274, 9230, 14237, 18046, 16612, 4488, 327, 26997, 13659, 1097, 
32713, 5087, 17806, 8604, 18771, 12538, 26197, 10048, 4022, 10784, 7983, 29710, 5754, 21648, 20719, 987, 20266, 27761, 21682, 25248, 4083, 16660, 1812, 23257, 6254, 30330, 
5028, 25386, 22713, 22, 5269, 3912, 11980, 14547, 23222, 2071, 3594, 15449, 29092, 20240, 17687, 25996, 13373, 20710, 21994, 5718, 1369, 2921, 5155, 11431, 181, 19114, 32158, 
18618, 14384, 16736, 328, 18585, 20794, 138, 10289, 7395, 5769, 4694, 21731, 23245, 21005, 15426, 3315, 12135, 807, 11393, 213, 6177, 17686, 5792, 17908, 1165, 31154, 873, 
30466, 17766, 3164, 22536, 11917, 27858, 24885, 22636, 4052, 996, 17550, 10480, 20952, 14693, 28320, 4923, 182, 28116, 28541, 4708, 26931, 16555, 5959, 27226, 25241, 740, 
11936, 20100, 27330, 12988, 4961, 23460, 18546, 25783, 3471, 26881, 10218, 15844, 28811, 29893, 26041, 25442, 23688, 12196, 31702, 803, 13378, 27582, 17644, 23024, 6894, 29383, 
2549, 23213, 3692, 1893, 3594, 23263, 29124, 5593, 3193, 26731, 7120, 22498, 23833, 11424, 15926, 28638, 13018, 120, 14490, 16179, 10400, 5659, 11281, 31725, 4178, 23461, 
25304, 18857, 14381, 31529, 24646, 22961, 6751, 7158, 11519, 22120, 10961, 18713, 13163, 7657, 14148, 8483, 16486, 4075, 3487, 13100, 31801, 29416, 23687, 11543, 28617, 13438, 
561, 16152, 27151, 2325, 15732, 22644, 22984, 11970, 29987, 8584, 28526, 22379, 2457, 22285, 7014, 32300, 25749, 27290, 15483, 11258, 15177, 3178, 4747, 28550, 13997, 608, 
18816, 3172, 30233, 28744, 12418, 9581, 8211, 30048, 29036, 26210, 30054, 17175, 23676, 28882, 6772, 4372, 7246, 4157, 2764, 4730, 26123, 31097, 27391, 20587, 31198, 6485, 
11440, 3531, 1959, 13949, 14571, 6214, 19444, 27293, 5304, 10900, 31021, 14025, 13295, 17403, 16654, 14109, 28237, 6422, 4698, 14752, 19144, 470, 24270, 15470, 5408, 2246, 
32084, 5911, 29111, 32659, 31866, 21314, 25506, 15563, 31010, 30870, 30976, 26341, 19835, 20442, 4490, 28802, 11312, 24922, 29548, 10738, 31711, 12941, 8788, 3066, 1740, 1782, 
11464, 8148, 21207, 10312, 25532, 10360, 13739, 31181, 12388, 28954, 31033, 23304, 31815, 25844, 9317, 7578, 24469, 21573, 15358, 4706, 2490, 2714, 4084, 29160, 6195, 6732, 
26821, 9212, 20384, 330, 10553, 10906, 27419, 2840, 14415, 13329, 30153, 5144, 18295, 6244, 25262, 4617, 18689, 17905, 22214, 1485, 10966, 24912, 22865, 14959, 10598, 7294, 
24174, 30052, 20193, 2363, 24555, 31761, 29354, 27312, 30812, 4750, 19721, 19029, 13418, 22442, 29472, 21522, 3694, 8751, 20256, 15781, 18495, 17255, 26812, 15683, 5959, 21214, 
4574, 21378, 22237, 26474, 19353, 27766, 13519, 24937, 30560, 7194, 3133, 10826, 10357, 31218, 25262, 3407, 10659, 24559, 15197, 3472, 2864, 4243, 13524, 23876, 19726, 2133, 
9404, 23100, 31057, 32327, 9716, 13232, 17126, 22518, 19680, 7486, 31873, 5266, 30212, 13104, 31703, 29519, 25297, 29694, 15630, 22794, 6334, 29459, 23153, 14640, 13979, 10452, 
11369, 1500, 13346, 991, 9640, 27455, 16336, 8080, 16296, 23109, 12019, 17354, 2900, 9845, 13315, 4596, 14853, 15130, 20277, 833, 12975, 11168, 11598, 7221, 1885, 9024, 26805, 
31077, 24282, 30688, 24781, 6526, 9905, 25652, 7041, 2184, 8536, 11562, 25889, 20588, 9385, 13957, 8812, 21172, 7313, 19143, 2286, 28563, 9740, 6741, 12684, 7717, 22097, 13782, 
14685, 23031, 585, 2012, 25787, 2506, 6726, 4550, 30874, 17300, 28146, 28645, 15897, 4552, 27782, 26845, 25687, 7639, 13628, 3150, 13448, 25591, 3078, 9396, 19528, 21539, 1664, 
140, 21038, 1123, 1315, 22201, 22693, 22605, 19644, 18981, 25335, 16844, 21533, 20651, 16555, 32544, 6675, 309, 13073, 31270, 6040, 3361, 4379, 11482, 8777, 26858, 23918, 
12058, 21274, 26628, 697, 20909, 17736, 20487, 10822, 27267, 16783, 10000, 24783, 13886, 10654, 16740, 32146, 29426, 14280, 21079, 32679, 6185, 26364, 1133, 21906, 20523, 5879, 
23742, 17173, 5756, 16568, 28063, 22856, 8101, 20276, 7294, 13547, 28215, 28748, 32526, 30458, 14606, 29180, 5029, 11138, 1747, 32725, 22754, 4788, 8900, 21677, 2194, 55, 
20152, 13461, 31188, 17603, 22109, 17163, 28284, 21996, 26565, 2417, 20406, 10299, 21793, 16830, 7660, 28547, 9164, 14708, 6121, 14706, 3211, 24786, 23870, 5735, 20755, 23114, 
4068, 17539, 2763, 7733, 14628, 4355, 22228, 1734, 30132, 25549, 839, 22588, 11555, 10568, 8637, 6492, 22646, 3697, 8981, 20511, 7188, 17196, 24689, 30376, 14559, 14039, 13698, 
15480, 6308, 805, 4102, 26597, 31157, 31018, 6286, 27592, 32212, 1202, 22661, 1399, 8275, 22999, 366, 30451, 22394, 8403, 14701, 12642, 25897, 5138, 4361, 959, 6846, 17548, 
1584, 8656, 5177, 30801, 14459, 5976, 11935, 22373, 12980, 31631, 15772, 23247, 28054, 30927, 17515, 12781, 28627, 31888, 13819, 4618, 12124, 9110, 74, 9266, 6108, 13929, 
26389, 1349, 23173, 18950, 29108, 3147, 27408, 22740, 28736, 19207, 19967, 26585, 23542, 31951, 7206, 3118, 5856, 22427, 24425, 25776, 20146, 29531, 11463, 23545, 1778, 15246, 
8088, 18063, 3675, 7952, 6674, 12634, 25476, 29235, 28434, 29788, 19645, 14098, 22810, 23964, 10041, 16418, 25237, 2147, 12659, 24842, 9059, 13483, 21706, 8629, 30609, 13013, 
12910, 10149, 4968, 14234, 30592, 18826, 6314, 11332, 15477, 275, 4376, 20254, 29628, 12036, 29239, 14377, 11168, 25993, 3668, 5648, 10095, 11465, 5830, 14174, 5084, 30143, 
4979, 13295, 23202, 12101, 29590, 19108, 22890, 12658, 7103, 18267, 32751, 29478, 5403, 1311, 6496, 15843, 16885, 24731, 17670, 21471, 15229, 11989, 25126, 15447, 15560, 3097, 
29481, 10789, 16153, 5938, 15354, 12437, 11103, 27873, 8112, 14965, 17662, 30599, 365, 30571, 12754, 26405, 11397, 13196, 17265, 25990, 2019, 19753, 26033, 23227, 6313, 15596, 
22123, 21960, 6167, 25636, 2686, 28061, 8366, 5470, 25622, 11848, 13973, 2869, 7726, 26216, 12091, 16747, 4435, 26853, 15422, 25656, 13739, 5854, 7564, 18913, 1591, 17891, 
16072, 10893, 10581, 22117, 17391, 2645, 649, 3690, 18747, 2458, 4476, 3205, 23111, 3995, 16965, 26374, 25717, 838, 4840, 19310, 10381, 1615, 12828, 12838, 28582, 26240, 31570, 
31344, 1866, 14672, 29682, 669, 18645, 21942, 11752, 4225, 12318, 8255, 13151, 7716, 17753, 23903, 24524, 24250, 24124, 32260, 18991, 4053, 31329, 6769, 9366, 27354, 16108, 
3914, 13538, 19121, 21869, 28907, 19149, 22977, 12808, 18686, 22316, 23580, 1235, 21069, 2162, 27126, 23167, 9940, 4214, 11868, 12347, 5147, 30582, 32291, 32469, 2499, 8283, 
23326, 290, 22110, 25150, 14228, 14753, 9860, 23340, 3568, 31579, 31267, 24614, 8379, 31245, 1046, 11884, 30408, 9609, 10233, 16892, 26542, 21594, 2620, 30037, 19579, 423, 
26231, 20096, 10407, 8794, 8189, 7505, 24391, 21888, 16564, 20203, 18563, 29683, 23076, 6786, 15178, 17207, 31949, 27493, 24389, 20387, 14782, 11323, 23305, 12737, 25187, 
22412, 12944, 17143, 31391, 29060, 27114, 1382, 4378, 20212, 16432, 17170, 29149, 19866, 5818, 10307, 26396, 24994, 22673, 23852, 31826, 7276, 30247, 25291, 30612, 4240, 18758, 
14096, 32030, 14112, 30023, 1089, 4403, 14893, 6020, 24477, 27684, 18572, 23568, 23360, 21678, 22233, 19109, 28486, 29832, 29117, 24541, 32307, 23357, 1389, 18085, 30867, 
9016, 15987, 17903, 25565, 27933, 26545, 13992, 18589, 9568, 27043, 5610, 19410, 18448, 20196, 1906, 30613, 5875, 29172, 23636, 30460, 30168, 14392, 29165, 18750, 24873, 32322, 
32026, 12312, 12992, 6483, 5543, 23919, 10491, 4638, 5643, 9270, 25619, 31951, 9042, 12434, 19881, 4684, 29018, 2876, 7842, 28347, 5954, 27688, 30517, 6468, 2080, 8292, 15682, 
14616, 1010, 1858, 13542, 7090, 5336, 27321, 1868, 28765, 27776, 14089, 11206, 23798, 13793, 21918, 26396, 20467, 12076, 12087, 21796, 13220, 8191, 6471, 12434, 26297, 32732, 
12955, 19730, 7685, 24795, 29502, 30612, 4993, 29339, 29594, 12519, 9876, 12670, 11999, 30346, 20881, 5654, 17577, 3519, 6274, 22746, 32221, 1248, 21796, 7710, 6355, 24310, 
1074, 7746, 8379, 7560, 30694, 7721, 21561, 7345, 5054, 19436, 24403, 30069, 30076, 21456, 27789, 23125, 12144, 16758, 20818, 8737, 30713, 338, 22934, 29966, 29258, 5726, 
30394, 20489, 29802, 22544, 21936, 21066, 28286, 19593, 8287, 2347, 22347, 29455, 28233, 11835, 16887, 4797, 10347, 2958, 271, 24953, 25700, 31320, 31439, 5927, 31450, 12218, 
4765, 16668, 23834, 19420, 19414, 27094, 28158, 24380, 2509, 26858, 25108, 23110, 4369, 28477, 27388, 6948, 11759, 9079, 12818, 3543, 9272, 25269, 26190, 4743, 19525, 31103, 
24936, 7703, 311, 26873, 10303, 18685, 17539, 3165, 19067, 16465, 15023, 12968, 25969, 19747, 25942, 148, 20040, 26130, 15986, 11975, 10074, 32538, 6363, 30794, 25821, 2990, 
27146, 19772, 1219, 26375, 24867, 7624, 32222, 5819, 28467, 20820, 10824, 7057, 9397, 15867, 12546, 17556, 2140, 13374, 13019, 14438, 19212, 29430, 16020, 10455, 32041, 6029, 
20545, 25782, 10517, 24174, 24562, 15336, 30452, 18362, 17299, 27062, 15795, 29757, 26641, 31083, 9544, 20128, 9663, 22815, 15931, 21728, 13303, 3790, 12901, 5631, 4, 17325, 
29432, 14329, 27455, 6589, 1983, 6649, 13433, 32672, 25511, 26317, 4249, 30380, 25215, 11159, 13958, 32574, 21500, 18118, 25160, 8016, 14336, 17221, 4970, 14158, 4123, 29682, 
2722, 6438, 27219, 25426, 19124, 5535, 2336, 27523, 8339, 29675, 19643, 2674, 30409, 1919, 16792, 17998, 30746, 22562, 30769, 13884, 17764, 4164, 2566, 844, 17098, 9618, 28642, 
30123, 16401, 28615, 3423, 25115, 74, 8645, 5548, 2977, 25778, 22756, 11662, 19837, 16086, 13962, 28325, 8543, 3579, 14332, 12273, 21976, 11196, 16499, 14229, 2319, 11253, 
2419, 14810, 15285, 29664, 27992, 18806, 4155, 19582, 16434, 7439, 2626, 29753, 10962, 19963, 25171, 29639, 15397, 29770, 16848, 14929, 9409, 17414, 31530, 17621, 20670, 4025, 
4693, 21705, 21447, 21552, 10617, 31233, 23408, 12671, 9707, 29650, 7114, 30021, 8539, 11640, 27190, 6705, 31567, 22965, 31350, 24773, 7888, 29115, 29194, 25946, 20578, 6988, 
17849, 22373, 6202, 14880, 5486, 13816, 7340, 12423, 31301, 13708, 227, 4943, 31462, 13053, 7124, 21736, 6674, 22486, 7028, 11206, 13179, 21455, 26665, 14343, 6873, 20372, 
23679, 11350, 12602, 31944, 9501, 32271, 25753, 26442, 23799, 24739, 19891, 27575, 14789, 4159, 24598, 30512, 23731, 12200, 24699, 29789, 7002, 15722, 5461, 2481, 21743, 25649, 
26026, 3312, 10170, 10871, 23074, 20463, 6858, 17759, 13406, 10908, 4072, 4833, 4234, 26173, 4553, 32552, 17718, 28157, 21128, 22840, 30049, 26788, 28243, 23252, 2263, 8102, 
18020, 26527, 32446, 22367, 2098, 18305, 20075, 31901, 13545, 24652, 19066, 19295, 15640, 12960, 14877, 21212, 1194, 7692, 7348, 31431, 25368, 12405, 19358, 28114, 29661, 1212, 
28239, 3441, 19241, 29851, 29859, 21216, 25305, 8656, 2930, 16743, 21415, 6782, 16229, 19933, 11934, 7376, 16904, 24427, 2770, 15839, 1312, 19858, 6989, 30678, 8254, 32623, 
24908, 25428, 13460, 4158, 20140, 8209, 17160, 7454, 27807, 12485, 10375, 8211, 23203, 20037, 13468, 31825, 14773, 30191, 3649, 8120, 22465, 14153, 23285, 23963, 12126, 1253, 
23566, 26309, 4024, 3208, 30289, 702, 205, 23178, 22464, 28234, 14301, 19584, 12211, 819, 12315, 5913, 11562, 3400, 15273, 25414, 14178, 28838, 8387, 18078, 5286, 1334, 5947, 
6912, 29544, 19319, 14885, 31098, 2448, 24190, 16851, 23657, 15892, 18235, 6660, 11490, 4297, 5373, 10328, 16209, 13433, 24376, 22279, 864, 3893, 5255, 14291, 27419, 5356, 
15085, 21307, 19793, 12349, 1376, 30706, 18237, 11658, 25224, 7823, 24933, 23630, 26820, 13702, 31683, 23216, 17262, 26967, 17699, 16216, 1376, 15621, 16844, 5505, 1206, 1738, 
9570, 24399, 9174, 9481, 1035, 4707, 11182, 32644, 7889, 17070, 6973, 10447, 20296, 28546, 4181, 13317, 22128, 9967, 11679, 4793, 4828, 29516, 8671, 3887, 25108, 18196, 13433, 
14028, 12601, 23284, 31541, 18636, 231, 12833, 7487, 32051, 24671, 14575, 18290, 14342, 9190, 12704, 13781, 31930, 23144, 25465, 30310, 13805, 18017, 16412, 18711, 9556, 24062, 
29457, 16663, 4085, 5759, 4006, 2898, 31382, 32479, 20729, 32315, 2677, 28087, 8275, 22217, 24121, 18016, 21943, 18111, 29481, 6487, 26299, 14385, 27292, 9190, 30615, 27204, 
17328, 29441, 636, 19253, 23871, 11631, 2343, 13213, 21519, 18730, 1205, 26355, 4425, 12295, 1977, 32082, 7469, 6041, 18060, 6780, 2563, 4179, 31204, 5664, 2901, 4078, 20392, 
31064, 3419, 31498, 24067, 30070, 24759, 29208, 19640, 14336, 20067, 25975, 10421, 16377, 10215, 13533, 5610, 6242, 10191, 24057, 21339, 7169, 13916, 32343, 17780, 9825, 26234, 
11395, 31389, 22042, 16114, 27761, 24079, 17490, 9185, 17180, 3302, 21892, 29801, 11630, 375, 1921, 12454, 32352, 2275, 24756, 15331, 26722, 14061, 25769, 3854, 13821, 19464, 
12753, 28522, 30135, 16820, 11391, 32132, 7479, 28939, 23351, 12392, 26537, 1943, 22568, 4372, 29540, 15975, 31735, 18989, 25290, 1890, 9662, 24561, 1136, 9435, 17493, 9325, 
18048, 24421, 1232, 15344, 31067, 19944, 19016, 17855, 9602, 25588, 21215, 32010, 30902, 14934, 11774, 26143, 3678, 17897, 26593, 23518, 5930, 28847, 3670, 4461, 9206, 18720, 
29377, 23597, 6129, 15298, 19812, 23020, 1534, 2810, 9693, 18268, 32090, 31010, 9456, 6851, 2431, 22747, 13191, 14069, 26953, 30629, 2807, 19072, 16728, 5805, 6789, 12070, 
19893, 26085, 26153, 23952, 22200, 13658, 17042, 18752, 27945, 20675, 4713, 14536, 12709, 14677, 26842, 28217, 11075, 12767, 13649, 13279, 29048, 20754, 23681, 8491, 11576, 
3616, 25259, 11249, 13662, 31626, 2845, 22996, 19022, 9266, 4345, 9726, 13529, 16056, 23863, 28436, 19553, 11011, 24045, 360, 10301, 28190, 25294, 4465, 94, 8262, 8945, 14969, 
307, 321, 20437, 21910, 5835, 9969, 22945, 15579, 29498, 31272, 18608, 20175, 21565, 30142, 20556, 17950, 19489, 23521, 32442, 14735, 4576, 21933, 11896, 22582, 7310, 12540, 
7362, 13803, 3571, 12416, 18778, 15355, 12410, 8719, 905, 4637, 3146, 12093, 18529, 5031, 22450, 7216, 22086, 9473, 18122, 26800, 6573, 32090, 32343, 1918, 22306, 14491, 11760, 
8167, 13968, 17817, 5471, 3480, 5053, 1167, 31050, 4788, 14356, 10699, 19219, 28708, 24999, 14503, 2044, 22575, 15220, 10939, 5007, 28490, 10983, 5969, 4413, 20273, 5793, 
28441, 325, 16438, 2680, 8223, 9431, 7385, 23743, 13817, 28025, 5018, 14535, 19013, 31659, 15115, 12965, 22867, 28870, 11305, 18486, 20254, 6186, 5868, 29537, 24705, 11160, 
1309, 12700, 1191, 14045, 16232, 9394, 8900, 24241, 2226, 12483, 18434, 3806, 9133, 15244, 31167, 21413, 22185, 28904, 30709, 25181, 25005, 12439, 1017, 5469, 6854, 2367, 
32617, 24348, 9375, 25776, 30559, 30871, 29522, 18796, 28651, 20211, 4990, 21863, 961, 29796, 26522, 22027, 11310, 6221, 20360, 8575, 17745, 19113, 28269, 5417, 8839, 3753, 
705, 23922, 18215, 158, 1186, 27337, 6000, 4890, 32366, 14314, 5567, 10066, 21392, 17760, 5, 1223, 27034, 28232, 24953, 29734, 26517, 31321, 27786, 364, 32660, 4385, 12568, 
10573, 30352, 29329, 739, 30167, 24175, 6332, 9284, 20051, 13926, 9948, 2331, 32364, 25985, 18838, 17928, 14483, 17280, 27775, 32734, 6049, 9189, 26846, 28500, 25534, 5963, 
4532, 19710, 7810, 22265, 16633, 14716, 6747, 3767, 18985, 30194, 8495, 30945, 30207, 184, 28226, 185, 27520, 27218, 32601, 24321, 10812, 30370, 288, 25802, 31185, 24156, 
23241, 26759, 29360, 17595, 7414, 2405, 1060, 13682, 22489, 15583, 7056, 16102, 7321, 23180, 20728, 31898, 11768, 6716, 15554, 9706, 9268, 14404, 23230, 29949, 2090, 13334, 
7781, 31221, 10689, 23829, 7262, 11880, 13702, 8615, 27975, 23828, 19860, 21643, 11697, 12750, 10679, 23661, 16236, 1468, 721, 439, 12294, 15300, 19836, 20139, 26766, 16708, 
2032, 13743, 2717, 1796, 7976, 29159, 7832, 1641, 12096, 22025, 30511, 9963, 8994, 32109, 28201, 6088, 30561, 4964, 24164, 29178, 9317, 9419, 32535, 13927, 29641, 12256, 1115, 
31833, 17665, 26196, 10474, 25645, 1344, 21921, 1318, 8783, 24216, 27037, 22365, 13926, 25188, 32079, 8523, 8907, 13027, 28162, 16096, 14400, 28709, 25753, 23108, 18911, 27691, 
18722, 24857, 23888, 27210, 5294, 24320, 11071, 28112, 30047, 24926, 1037, 23530, 30914, 18528, 27846, 29893, 12383, 10556, 2132, 26612, 1167, 9658, 8434, 2066, 10638, 23796, 
26083, 25000, 27345, 22873, 12643, 14672, 16538, 8184, 27358, 13595, 25545, 17660, 22880, 13617, 21493, 10610, 31309, 8119, 955, 18003, 12370, 9206, 8022, 10430, 24219, 14521, 
8560, 901, 17478, 23030, 10808, 31211, 11288, 18865, 19637, 1964, 17519, 22558, 18010, 10814, 13176, 30470, 21722, 12119, 15266, 7275, 7742, 19631, 1107, 14447, 24372, 25863, 
23257, 17010, 21418, 7786, 32675, 8571, 3483, 11699, 21425, 29657, 11817, 31567, 31305, 31242, 13549, 1348, 17132, 10459, 22923, 8818, 28552, 9937, 9097, 2841, 10991, 14536, 
13409, 19100, 17288, 25050, 30676, 32389, 32324, 14978, 11906, 1736, 5588, 17153, 1720, 2892, 14874, 13569, 14217, 31399, 9181, 6265, 21024, 26154, 4288, 8144, 15700, 24349, 
15221, 3909, 3965, 14667, 9262, 13198, 14982, 22210, 15700, 11199, 15940, 24788, 20604, 2670, 21766, 4705, 12183, 4629, 20078, 30553, 1640, 4279, 3199, 17788, 24636, 7879, 
22262, 12900, 13781, 17733, 30942, 27334, 6055, 20266, 23647, 3829, 18503, 18950, 6359, 22695, 23328, 31208, 10028, 19964, 11112, 17534, 12384, 9660, 16210, 22397, 10853, 
16608, 27525, 3651, 14131, 23893, 19150, 23228, 31257, 26108, 24081, 13698, 22352, 1013, 26758, 22856, 20950, 21789, 23585, 19832, 31609, 27605, 27218, 1051, 11058, 31750, 
3311, 3834, 28085, 22882, 7023, 12290, 25670, 10988, 16472, 18669, 1486, 30650, 25338, 28191, 30254, 28921, 22878, 8398, 26579, 7475, 30330, 29798, 15243, 18637, 18598, 9004, 
21143, 24532, 7252, 22049, 18177, 5369, 5883, 9257, 32304, 31193, 32340, 3180, 18873, 27778, 32713, 28669, 2680, 32307, 3115, 20154, 2528, 14180, 7075, 19315, 32143, 23814, 
28139, 15182, 26917, 6924, 6845, 17513, 21079, 14378, 1676, 20418, 31551, 14045, 3955, 21076, 5878, 1963, 1643, 12675, 11365, 12460, 18624, 18106, 7000, 3657, 3526, 18003, 
30676, 4420, 15560, 3511, 12203, 7673, 24385, 7366, 11853, 28899, 846, 15993, 29409, 11361, 8804, 9413, 19605, 29626, 24638, 31683, 12594, 14175, 13850, 14351, 25075, 5745, 
24101, 9326, 21143, 31107, 4916, 29363, 1717, 19105, 30900, 21475, 22864, 28305, 16100, 23447, 25259, 25432, 22338, 12962, 28766, 10241, 19778, 23796, 17322, 20889, 5958, 5822, 
2570, 29054, 29643, 3287, 17418, 12506, 9952, 29791, 3676, 17770, 11229, 17826, 297, 9092, 12113, 7742, 6565, 4440, 25916, 3721, 25062, 32630, 3967, 22061, 19190, 19088, 18576, 
21525, 27943, 19073, 26226, 11661, 8870, 21135, 2533, 28836, 12371, 1773, 11738, 13781, 28880, 11140, 19241, 1255, 13784, 20468, 25734, 274, 21459, 31957, 3762, 8291, 2983, 
17986, 18670, 29282, 18128, 26520, 14773, 14833, 22963, 19579, 9130, 24183, 16431, 11034, 9936, 30782, 2166, 5044, 8697, 31770, 24603, 6492, 18561, 19020, 30572, 30713, 16443, 
9381, 12033, 23440, 23468, 20463, 17301, 11462, 17527, 25736, 27669, 1696, 10777, 4688, 7671, 14734, 18646, 23493, 27597, 32680, 23795, 3181, 12826, 17975, 22054, 28277, 1636, 
12407, 24395, 919, 7306, 14235, 3672, 17729, 5720, 3090, 20627, 12275, 29017, 7177, 26371, 7656, 1772, 25393, 1828, 13562, 21146, 26562, 29663, 27584, 29351, 2240, 8888, 27129, 
5863, 381, 16714, 18477, 20947, 18015, 12016, 29329, 32732, 7907, 16070, 13100, 14592, 8418, 21968, 10040, 154, 28947, 14712, 9163, 10110, 27858, 8766, 19894, 5189, 8479, 
26283, 26797, 26086, 13034, 21126, 8617, 9351, 7310, 32331, 22667, 29842, 25755, 15065, 11522, 10, 12760, 25963, 21166, 2592, 24712, 14281, 28806, 24833, 31981, 26816, 3959, 
8691, 18187, 12495, 23629, 928, 9134, 1827, 16599, 6833, 7854, 10950, 6214, 19615, 25202, 19475, 727, 25798, 18611, 27245, 7346, 32700, 26754, 14896, 7185, 16608, 17805, 9960, 
6820, 1590, 1182, 17857, 3637, 3698, 18788, 19519, 13448, 17746, 8566, 24367, 30341, 10801, 8341, 19934, 1688, 1242, 4657, 3464, 15961, 23706, 25647, 2323, 32616, 26009, 12010, 
6397, 7067, 22633, 32376, 14228, 2140, 26592, 16686, 17765, 24908, 18723, 32614, 29174, 32301, 516, 16511, 7352, 8190, 29070, 16678, 16951, 31079, 18141, 24276, 18836, 5720, 
23092, 23704, 17973, 26350, 7241, 25879, 443, 29078, 4067, 28113, 25140, 28788, 423, 24486, 146, 24070, 29231, 10392, 861, 13572, 26205, 6866, 4516, 26507, 4591, 15594, 29241, 
20859, 4179, 28515, 11038, 10782, 8124, 2934, 13626, 14602, 4725, 24337, 6224, 21064, 27254, 10785, 818, 23989, 21301, 269, 13362, 28073, 28094, 14466, 17882, 10455, 8966, 
15990, 13277, 2932, 28796, 1127, 11340, 17308, 25314, 24292, 269, 11505, 13147, 32335, 19850, 12165, 15045, 25825, 9382, 1530, 12104, 32238, 23285, 12007, 24623, 14955, 16684, 
3454, 25591, 22189, 25302, 32108, 27814, 11635, 7497, 24065, 13919, 15399, 8921, 22673, 17458, 15457, 15947, 26138, 24376, 30381, 27277, 22566, 3040, 12942, 4772, 26867, 27012, 
26563, 3557, 5842, 12352, 5320, 11368, 20173, 16643, 24224, 26554, 10892, 31718, 24018, 3026, 17786, 20669, 15538, 27718, 27939, 15852, 2785, 31167, 12512, 12669, 27159, 19371, 
5303, 111, 30752, 29233, 27517, 26704, 6693, 9322, 7229, 20238, 3373, 7886, 22238, 13578, 24547, 17900, 31743, 3438, 14746, 24927, 15398, 28865, 4750, 765, 12826, 23992, 16749, 
28241, 31885, 31823, 534, 5196, 6910, 5913, 22944, 30519, 4574, 16084, 31646, 2796, 6642, 19521, 5281, 25926, 24312, 13363, 7679, 21206, 4493, 25061, 7891, 9175, 20558, 2960, 
32325, 17764, 11326, 13629, 19212, 31465, 19560, 21976, 7217, 19416, 29893, 21127, 28437, 31133, 29791, 17466, 9909, 4563, 16055, 15234, 4141, 28856, 13412, 30374, 4219, 18398, 
24318, 15860, 24454, 32036, 9274, 23125, 29791, 30181, 13398, 23076, 1734, 8815, 14264, 6208, 18928, 23991, 32722, 14688, 17543, 30027, 16200, 5031, 27123, 28039, 3413, 13433, 
22744, 22028, 14443, 30860, 25311, 17006, 11289, 27202, 16826, 15149, 28210, 23094, 7522, 15079, 30508, 26132, 18339, 3019, 27078, 25007, 20699, 6481, 28141, 22093, 23039, 
2600, 13025, 3141, 18398, 13936, 23700, 21197, 15274, 20010, 24659, 31245, 29876, 17389, 5287, 13176, 32631, 20442, 30846, 19547, 21976, 7890, 30086, 30390, 21676, 486, 8666, 
5196, 10875, 12814, 17632, 14326, 9091, 31774, 9073, 20796, 30464, 26871, 22331, 13862, 31147, 13818, 13668, 32592, 22913, 12739, 2160, 27197, 18117, 20755, 8549, 13805, 11848, 
4109, 1069, 11698, 26856, 29606, 13115, 22079, 1111, 16215, 24178, 28930, 2334, 13076, 31042, 18868, 25057, 25986, 31764, 558, 18404, 3685, 21736, 20606, 22734, 21847, 19260, 
25402, 14765, 30912, 23344, 24596, 27451, 24834, 19433, 12463, 13152, 29684, 1331, 4529, 16375, 15506, 26730, 6170, 26325, 15091, 12442, 8404, 9991, 28795, 7653, 24202, 20316, 
31825, 28709, 31166, 28196, 23571, 29907, 30486, 28214, 9417, 11304, 22519, 1336, 18456, 18817, 10581, 22298, 14777, 4872, 29898, 29412, 2345, 25745, 18405, 3250, 17313, 22978, 
17860, 6396, 12872, 25463, 30437, 11547, 18600, 19556, 19257, 18697, 22366, 28925, 634, 28265, 22294, 11922, 28351, 10439, 24503, 19903, 17742, 27424, 8155, 27651, 29105, 
26277, 26754, 10415, 7948, 16060, 8455, 6402, 27565, 15944, 14163, 18322, 31461, 29226, 24656, 17133, 22806, 19720, 15520, 32641, 26126, 14412, 13712, 4281, 14739, 13936, 9799, 
32105, 13887, 31354, 9540, 13164, 16015, 6338, 519, 24204, 16438, 13563, 19213, 9889, 2487, 20849, 28674, 6397, 7730, 9104, 21555, 16648, 31614, 4518, 25922, 13352, 1657, 
15850, 2589, 5348, 4508, 17084, 32304, 20808, 12755, 1070, 27866, 8331, 21899, 15044, 24862, 1007, 21004, 7032, 23964, 20201, 23305, 16641, 12479, 31362, 6261, 14933, 22839, 
18429, 20121, 25197, 3754, 30394, 19556, 25928, 17062, 4442, 5122, 5682, 11739, 5668, 29104, 31558, 15751, 32423, 29902, 12850, 30001, 27297, 32565, 4666, 6298, 29216, 24268, 
12160, 12785, 25319, 9558, 9090, 18502, 27923, 12942, 16100, 23105, 767, 9334, 2160, 28948, 28772, 8684, 11611, 24494, 27845, 13182, 18121, 561, 11530, 7807, 6292, 4519, 14443, 
30298, 11593, 24561, 1167, 22567, 29556, 4095, 7413, 1148, 16414, 7751, 22932, 19334, 23187, 19823, 26814, 32600, 30057, 19277, 12362, 24706, 14525, 8722, 18930, 14566, 16832, 
18882, 7930, 6343, 15219, 28136, 26387, 27171, 29870, 15239, 3710, 20035, 5991, 19283, 18292, 31120, 25905, 31777, 19142, 424, 7427, 20893, 3009, 20913, 28219, 11067, 25428, 
14574, 7394, 26480, 30325, 18319, 15154, 18209, 23488, 28110, 7253, 9564, 17505, 4407, 25712, 22342, 11317, 3143, 23008, 18516, 21804, 19513, 23492, 9918, 4594, 285, 8635, 
13361, 9166, 5162, 10479, 3781, 12234, 22613, 29266, 1582, 3860, 10531, 30247, 20790, 32420, 27579, 28869, 14187, 29215, 9791, 27799, 788, 3579, 8540, 11624, 20330, 3301, 
18464, 24797, 1797, 5215, 14860, 14403, 9877, 15534, 17259, 20363, 6098, 20467, 12258, 1427, 14518, 1176, 11079, 10664, 25321, 14061, 9398, 8776, 1917, 26131, 26594, 28972, 
13019, 30746, 24746, 14470, 3325, 2406, 15597, 9607, 10718, 19287, 24734, 25636, 15919, 13865, 24603, 26, 3148, 4632, 29882, 22319, 7534, 7112, 8101, 187, 6946, 18405, 28393, 
20072, 23802, 27142, 6345, 18998, 32386, 17112, 24920, 21954, 4469, 14712, 32327, 20167, 16433, 17440, 27899, 23781, 29801, 17414, 28386, 19617, 22042, 22657, 8200, 7086, 
14016, 28014, 23525, 6763, 15561, 2258, 25722, 18092, 25418, 7105, 32668, 17341, 8689, 23166, 32399, 5028, 20795, 24547, 25558, 30119, 7910, 8195, 6986, 3598, 9898, 28175, 
30826, 15146, 804, 6518, 28402, 15254, 27411, 26192, 14767, 2493, 11974, 25853, 25489, 4252, 10709, 27913, 26370, 7626, 32016, 16211, 22390, 13493, 9397, 4975, 18755, 10030, 
16102, 5192, 27572, 5928, 5721, 4106, 2392, 17852, 17746, 24383, 25248, 21361, 1230, 18232, 5801, 21947, 31745, 23470, 3671, 26049, 9219, 9129, 7587, 3171, 5063, 1441, 20278, 
12156, 18508, 16099, 3638, 25700, 15639, 27191, 8800, 19386, 26848, 22976, 12887, 23136, 29324, 18467, 16443, 13254, 12891, 9452, 21630, 31084, 21347, 45, 19187, 13218, 10557, 
22887, 30248, 14227, 3582, 21934, 3318, 11905, 23656, 8457, 5718, 8786, 23138, 32536, 18294, 13132, 10150, 20217, 2061, 23325, 1210, 1643, 4331, 24862, 1569, 26676, 22740, 
25560, 2002, 31169, 17294, 7112, 29929, 31757, 18233, 15199, 14237, 27588, 31711, 4173, 25970, 19623, 18764, 18943, 31663, 17458, 10016, 2406, 16403, 18300, 8994, 7675, 6596, 
24672, 8663, 5120, 30344, 19930, 3412, 30728, 4151, 947, 26192, 29625, 9841, 19809, 27517, 10193, 140, 6185, 19225, 26471, 19408, 10374, 4799, 14452, 10727, 16078, 20868, 
15761, 911, 28435, 8255, 27906, 29586, 12359, 1064, 14580, 24056, 26276, 24485, 3331, 1915, 27979, 25952, 17663, 16699, 25388, 16797, 240, 31923, 16165, 28107, 31319, 23532, 
28526, 25176, 16055, 4592, 2100, 6858, 29524, 10114, 17796, 8204, 1595, 30732, 25707, 3333, 28802, 31449, 5980, 16751, 28113, 11396, 6609, 14055, 19746, 11441, 10037, 11328, 
16068, 25594, 22786, 6941, 17318, 17965, 12327, 11199, 8658, 1204, 19884, 6939, 568, 17748, 7832, 18224, 7085, 12571, 32531, 21911, 3891, 28563, 6344, 10332, 22907, 25148, 
141, 5388, 32168, 13369, 22342, 4623, 19798, 4682, 29190, 20024, 29147, 7930, 19832, 26267, 6860, 30490, 20606, 11935, 30148, 23149, 8727, 15956, 21344, 19621, 5766, 15110, 
7566, 17038, 30641, 3602, 776, 12170, 11463, 32248, 31771, 1853, 1317, 23986, 3245, 1929, 10875, 17988, 26494, 24253, 32298, 3733, 22190, 521, 26097, 30077, 3456, 18486, 19401, 
12831, 18269, 7315, 21773, 24185, 22556, 24115, 5342, 28729, 4480, 16213, 15814, 13266, 8706, 14628, 5787, 32208, 20689, 26529, 13991, 1640, 15128, 25053, 19717, 9044, 30335, 
25195, 30542, 21470, 15604, 21525, 27510, 21306, 1451, 5838, 30960, 9496, 12131, 4328, 9497, 20602, 8172, 24711, 26323, 15555, 31974, 16726, 17776, 25873, 25035, 31352, 24275, 
21965, 14128, 26818, 6353, 10369, 3911, 31015, 477, 29161, 11177, 10099, 9445, 22092, 4178, 21821, 21623, 14348, 18413, 3350, 12584, 13437, 15699, 1543, 28470, 25331, 20046, 
31547, 8044, 2591, 31650, 11256, 32582, 16283, 23118, 6100, 5206, 9667, 10767, 19237, 5862, 15303, 13606, 20409, 28639, 29694, 23899, 5575, 19946, 1149, 31298, 26918, 5588, 
9705, 27837, 18109, 12855, 13449, 3010, 9787, 1623, 26527, 20062, 3080, 2122, 4857, 22266, 30587, 18012, 9923, 17374, 333, 23473, 24991, 26867, 15949, 6188, 26872, 22221, 
14934, 24464, 15250, 21224, 8062, 997, 12902, 9522, 23953, 7966, 942, 24266, 26046, 12280, 31804, 32264, 20111, 32293, 25359, 5053, 29727, 2474, 15144, 19900, 26759, 2438, 
22426, 2713, 18585, 15764, 30177, 23216, 18641, 6066, 21108, 4713, 3720, 35, 27550, 20923, 10603, 14642, 26249, 9455, 16684, 9752, 19100, 8871, 19319, 31008, 1798, 11038, 
24104, 3337, 30363, 11441, 29115, 28076, 21984, 4511, 10243, 21471, 24417, 15117, 27423, 6296, 587, 11597, 30891, 25430, 26422, 20831, 11571, 6076, 14147, 28600, 9197, 18047, 
22887, 18499, 32423, 9603, 6662, 27558, 27134, 21313, 28868, 14790, 12753, 26988, 22680, 10637];
